-1.731280982494354248e-01
1.321129500865936279e-02
9.815055131912231445e-02
-3.358632326126098633e-03
-7.279355823993682861e-02
9.815055131912231445e-02
-5.169820785522460938e-02
5.232407152652740479e-02
9.815055131912231445e-02
9.815055131912231445e-02
-1.355976164340972900e-01
-2.349084317684173584e-01
-9.925651550292968750e-02
4.442065581679344177e-02
9.815055131912231445e-02
5.097437277436256409e-02
5.172444880008697510e-02
9.815055131912231445e-02
9.815055131912231445e-02
9.815055131912231445e-02
9.815055131912231445e-02
-8.674851059913635254e-02
-2.189168930053710938e-01
-4.409624636173248291e-02
2.420583367347717285e-02
9.815055131912231445e-02
-3.651337027549743652e-01
-3.049506545066833496e-01
9.815055131912231445e-02
9.815055131912231445e-02
5.065798759460449219e-02
9.815055131912231445e-02
-2.195225954055786133e-01
-1.861914694309234619e-01
5.507567524909973145e-02
9.815055131912231445e-02
-2.018109560012817383e-01
9.815055131912231445e-02
-5.771808326244354248e-03
9.815055131912231445e-02
2.891090512275695801e-02
6.997831910848617554e-02
9.815055131912231445e-02
-3.109441697597503662e-02
1.128222793340682983e-02
-3.419724702835083008e-01
-2.927252948284149170e-01
3.775504603981971741e-02
9.815055131912231445e-02
9.815055131912231445e-02
-1.088789403438568115e-01
-1.356520652770996094e-01
6.370261311531066895e-03
9.809878468513488770e-02
1.597146689891815186e-02
9.815055131912231445e-02
-1.997539401054382324e-02
-4.285922646522521973e-01
-4.946899414062500000e-02
9.815055131912231445e-02
9.815055131912231445e-02
-2.172312438488006592e-01
-1.725763827562332153e-02
-2.130598127841949463e-01
9.815055131912231445e-02
-1.217020750045776367e-01
-3.003062307834625244e-01
9.815055131912231445e-02
-4.587005972862243652e-01
9.815055131912231445e-02
9.815055131912231445e-02
9.815055131912231445e-02
7.837489247322082520e-04
9.815055131912231445e-02
9.815055131912231445e-02
4.151831194758415222e-02
1.594394445419311523e-03
-1.032629311084747314e-01
-1.180405020713806152e-01
-1.752780675888061523e-01
3.622165322303771973e-02
-1.862212121486663818e-01
-4.165833592414855957e-01
-2.420796453952789307e-01
-6.188683211803436279e-02
-5.011457204818725586e-02
9.815055131912231445e-02
-2.468711882829666138e-02
9.815055131912231445e-02
9.815055131912231445e-02
9.815055131912231445e-02
9.815055131912231445e-02
9.815055131912231445e-02
-1.844691336154937744e-01
9.815055131912231445e-02
9.815055131912231445e-02
-8.683702349662780762e-02
8.493439853191375732e-02
9.815055131912231445e-02
-8.746197819709777832e-02
