-1.382896155118942261e-01
2.817620337009429932e-01
1.002816781401634216e-01
-4.653286039829254150e-01
4.236559197306632996e-02
4.078787751495838165e-03
1.536763310432434082e-01
-1.381784379482269287e-01
-1.040918678045272827e-01
5.005779117345809937e-02
3.514122068881988525e-01
-2.528765797615051270e-01
1.079393252730369568e-01
1.185119077563285828e-01
-4.405062645673751831e-05
-5.973426625132560730e-02
-3.085296452045440674e-01
1.891222298145294189e-01
6.432349234819412231e-02
-2.435275465250015259e-01
2.654712200164794922e-01
5.480445548892021179e-02
-3.110847771167755127e-01
1.201897934079170227e-01
-1.101878657937049866e-01
-3.483690619468688965e-01
-1.617170572280883789e-01
-5.054102465510368347e-02
-1.733129769563674927e-01
3.058192506432533264e-02
7.077100127935409546e-02
6.414105743169784546e-02
2.508118748664855957e-01
-1.104535758495330811e-01
8.373373746871948242e-02
5.424247682094573975e-02
5.816273763775825500e-02
5.707552656531333923e-02
4.537070170044898987e-02
-2.541829943656921387e-01
-1.824337542057037354e-01
8.951458334922790527e-02
-1.599104106426239014e-01
1.149463877081871033e-01
-3.245797455310821533e-01
-1.434775590896606445e-01
-1.298826336860656738e-01
5.634935572743415833e-02
1.474848389625549316e-01
-1.769987791776657104e-01
-3.481547348201274872e-03
-3.218727186322212219e-02
1.221719849854707718e-02
-1.720208376646041870e-01
-2.137688994407653809e-01
1.537322103977203369e-01
-6.373891979455947876e-02
7.753553986549377441e-02
-1.846850067377090454e-01
-2.502301335334777832e-01
-1.929808259010314941e-01
-1.122425571084022522e-01
2.495843544602394104e-02
2.044384032487869263e-01
-5.508593842387199402e-02
-3.107551038265228271e-01
-1.690704822540283203e-01
3.569200336933135986e-01
-8.971108496189117432e-02
5.133645609021186829e-02
2.278262823820114136e-01
1.488922089338302612e-01
-2.802495956420898438e-01
1.284498870372772217e-01
1.582840681076049805e-01
-2.082995697855949402e-02
4.926529526710510254e-02
4.248035140335559845e-03
1.229414418339729309e-01
1.069270446896553040e-01
-1.648090481758117676e-01
-8.378347009420394897e-02
9.937506914138793945e-02
-3.751061558723449707e-01
7.225985080003738403e-02
1.307515501976013184e-01
-1.836865842342376709e-01
2.294056713581085205e-01
-7.060720026493072510e-02
2.686896324157714844e-01
2.334210276603698730e-01
2.325075268745422363e-01
1.537450999021530151e-01
4.847439005970954895e-02
-9.844343177974224091e-03
-2.511622011661529541e-01
7.932824641466140747e-02
-6.628085672855377197e-02
-2.845854461193084717e-01
-2.052511088550090790e-03
