2.828302606940269470e-02
-2.260712534189224243e-01
1.423034369945526123e-01
1.985107213258743286e-01
-8.706633001565933228e-02
-1.239155828952789307e-01
1.649600267410278320e-01
1.235186830163002014e-01
4.062286019325256348e-02
-1.411027163267135620e-01
2.387044019997119904e-03
-8.469860255718231201e-02
9.847928583621978760e-02
2.294386923313140869e-02
-2.893751487135887146e-02
3.431486710906028748e-02
-1.719923615455627441e-01
-6.195032596588134766e-02
1.190963163971900940e-01
1.853524893522262573e-01
-1.170835196971893311e-01
-2.429513633251190186e-02
1.402153968811035156e-01
-1.385579556226730347e-01
-5.438061058521270752e-02
6.379169970750808716e-02
5.925910081714391708e-03
1.475519388914108276e-01
-1.294697970151901245e-01
-4.272644408047199249e-03
1.116463318467140198e-01
-2.663303315639495850e-01
-1.394761353731155396e-01
1.004601716995239258e-01
-3.958302438259124756e-01
1.276865303516387939e-01
2.267024219036102295e-01
1.967861354351043701e-01
1.836627572774887085e-01
1.876942515373229980e-01
6.892735511064529419e-02
-1.966822296380996704e-01
2.242498993873596191e-01
2.920815646648406982e-01
-2.122981548309326172e-01
3.619175404310226440e-02
1.747207529842853546e-02
1.017934456467628479e-01
1.664053648710250854e-02
7.546512037515640259e-02
1.597747504711151123e-01
1.615355908870697021e-01
4.810168221592903137e-02
9.576404094696044922e-02
1.559634655714035034e-01
-8.508917689323425293e-02
-1.104916855692863464e-01
2.056378424167633057e-01
1.025381386280059814e-01
1.321937888860702515e-01
2.291642725467681885e-01
7.714912295341491699e-02
1.289803683757781982e-01
-2.428518682718276978e-01
1.269914358854293823e-01
-8.369345217943191528e-02
-1.370172798633575439e-01
-2.178410142660140991e-01
-1.571840792894363403e-02
1.695535480976104736e-01
-1.225357353687286377e-01
-1.748559027910232544e-01
-1.362757086753845215e-01
8.298286795616149902e-02
-9.179086238145828247e-02
-9.905661642551422119e-02
-1.014159992337226868e-01
1.274668723344802856e-01
2.682707607746124268e-01
-1.281946003437042236e-01
-1.539877206087112427e-01
-1.407801359891891479e-01
-9.101796150207519531e-02
-2.049165219068527222e-01
2.800056636333465576e-01
-1.085249632596969604e-01
9.600484743714332581e-03
8.429137617349624634e-02
-1.055270433425903320e-01
1.360985487699508667e-01
2.098315209150314331e-02
-3.190452605485916138e-02
-5.215428024530410767e-02
1.758410334587097168e-01
2.068044096231460571e-01
2.850788459181785583e-02
-5.844841897487640381e-02
4.301349073648452759e-02
-2.149675935506820679e-01
1.334703862667083740e-01
