-3.547524213790893555e-01
9.443478286266326904e-02
1.943589001893997192e-02
9.443478286266326904e-02
-5.443964898586273193e-02
9.443478286266326904e-02
-3.224687278270721436e-02
9.443478286266326904e-02
9.443478286266326904e-02
9.443478286266326904e-02
2.536348998546600342e-02
9.443478286266326904e-02
6.382610648870468140e-02
9.443478286266326904e-02
9.443478286266326904e-02
3.767714649438858032e-02
-2.236685007810592651e-01
1.096165925264358521e-02
8.096571266651153564e-02
9.443478286266326904e-02
9.443478286266326904e-02
1.071143895387649536e-02
9.443478286266326904e-02
-3.196606636047363281e-01
-1.128934323787689209e-01
9.443478286266326904e-02
-2.077800035476684570e-02
-1.874215900897979736e-03
9.443478286266326904e-02
-2.140418738126754761e-01
-1.373113840818405151e-01
9.443478286266326904e-02
4.659566283226013184e-02
9.443478286266326904e-02
-3.304804563522338867e-01
-1.062583178281784058e-01
9.443478286266326904e-02
9.443478286266326904e-02
-2.822788953781127930e-01
9.443478286266326904e-02
-7.405275106430053711e-02
9.443478286266326904e-02
-1.747230142354965210e-01
-3.085494041442871094e-02
-4.461839795112609863e-03
9.443478286266326904e-02
9.443478286266326904e-02
9.443478286266326904e-02
-1.274897158145904541e-01
9.443478286266326904e-02
9.443478286266326904e-02
9.443478286266326904e-02
-2.090254575014114380e-01
9.443478286266326904e-02
-2.444589585065841675e-01
9.443478286266326904e-02
-3.325204551219940186e-02
-1.924368888139724731e-01
9.443478286266326904e-02
-5.741810798645019531e-02
-5.291629433631896973e-01
-1.220925152301788330e-01
9.443478286266326904e-02
-1.179786026477813721e-01
3.017509728670120239e-02
9.443478286266326904e-02
-7.851026952266693115e-02
-1.117465496063232422e-01
9.443478286266326904e-02
1.165942847728729248e-02
9.443478286266326904e-02
3.736938908696174622e-02
-3.862848877906799316e-01
-3.133456110954284668e-01
-2.039166539907455444e-01
-1.004578024148941040e-01
-4.146997630596160889e-02
-2.528566718101501465e-01
9.443478286266326904e-02
3.290440142154693604e-02
3.776884451508522034e-02
9.173338115215301514e-02
9.443478286266326904e-02
9.443478286266326904e-02
6.093708425760269165e-02
-1.941118985414505005e-01
9.443478286266326904e-02
9.443478286266326904e-02
4.569866135716438293e-02
-4.536525905132293701e-02
-6.112936139106750488e-02
-1.274423301219940186e-01
8.587747067213058472e-02
-7.046779990196228027e-02
2.638632059097290039e-02
9.443478286266326904e-02
-1.505706012248992920e-01
-3.422926366329193115e-02
8.818155527114868164e-02
4.201270639896392822e-02
