-2.127316445112228394e-01
-2.733797430992126465e-01
-1.719943247735500336e-03
1.407494992017745972e-01
-1.928676217794418335e-01
2.222727984189987183e-01
8.780539035797119141e-02
-1.002332195639610291e-01
2.023364156484603882e-01
-1.670398265123367310e-01
-4.741397872567176819e-02
-2.270647436380386353e-01
-5.215957388281822205e-02
2.797880023717880249e-02
1.250311583280563354e-01
2.134300768375396729e-01
3.229633867740631104e-01
7.998843491077423096e-02
-1.191992685198783875e-01
3.672059625387191772e-02
1.405017077922821045e-01
3.519010245800018311e-01
-1.263091117143630981e-01
6.961897946894168854e-03
2.220715284347534180e-01
1.696633696556091309e-01
1.816135346889495850e-01
9.724790602922439575e-02
1.087002083659172058e-01
-3.562572598457336426e-02
2.468093484640121460e-02
9.362408518791198730e-02
1.440997123718261719e-01
1.112878993153572083e-01
2.091531828045845032e-02
1.283140927553176880e-01
-8.403263241052627563e-02
7.841322571039199829e-02
6.083361431956291199e-02
-2.512952387332916260e-01
-1.352593004703521729e-01
-1.640107110142707825e-02
-2.379679679870605469e-01
1.728937029838562012e-02
3.586938977241516113e-01
-6.147420406341552734e-02
-7.479984313249588013e-02
-9.072764776647090912e-03
-1.466461550444364548e-02
-2.307510524988174438e-01
-9.951716661453247070e-02
-3.124823272228240967e-01
-4.488998353481292725e-01
1.773701235651969910e-02
-1.098047569394111633e-01
-1.009636744856834412e-01
1.891298890113830566e-01
-6.091465055942535400e-02
8.647910505533218384e-02
-1.167619302868843079e-01
3.836067020893096924e-02
4.273212701082229614e-02
2.170995324850082397e-01
-5.348400399088859558e-02
3.510395288467407227e-01
-2.618217468261718750e-01
6.297275424003601074e-02
2.605792880058288574e-01
2.516192942857742310e-02
1.223866045475006104e-01
-1.264706905931234360e-02
-1.003414765000343323e-01
-1.965903118252754211e-02
-6.294773519039154053e-02
-1.008119806647300720e-01
1.488233059644699097e-01
1.393366158008575439e-01
1.816824525594711304e-01
2.085468024015426636e-01
-7.444779388606548309e-03
-5.644827336072921753e-02
3.362016379833221436e-01
-1.622949987649917603e-01
1.644990593194961548e-01
2.856876850128173828e-01
-1.524370610713958740e-01
1.617165356874465942e-01
-5.797036737203598022e-02
-3.032003045082092285e-01
1.727283895015716553e-01
9.176442027091979980e-02
-8.985650539398193359e-02
8.486018329858779907e-02
6.668306142091751099e-02
4.704368114471435547e-02
8.188738673925399780e-02
-1.363408565521240234e-01
-2.990715801715850830e-01
-7.406733185052871704e-02
-1.053693220019340515e-01
