-1.180823594331741333e-01
9.583513438701629639e-02
-1.221407800912857056e-01
9.583513438701629639e-02
-1.233718544244766235e-01
9.583513438701629639e-02
9.583513438701629639e-02
5.432425439357757568e-02
-7.518494129180908203e-02
-8.359186351299285889e-03
-5.394138395786285400e-03
-3.263369202613830566e-02
9.583513438701629639e-02
-2.400173246860504150e-02
-9.229601919651031494e-02
2.177549898624420166e-02
-1.981867998838424683e-01
-2.716585993766784668e-02
-1.037809252738952637e-01
-2.828821539878845215e-03
-1.483568251132965088e-01
2.430506795644760132e-02
6.603706628084182739e-02
-1.617795228958129883e-02
5.088210105895996094e-03
7.688879966735839844e-02
9.583513438701629639e-02
-4.203779995441436768e-02
5.850680172443389893e-03
-1.227391511201858521e-02
-1.831155270338058472e-01
-5.365729331970214844e-03
9.583513438701629639e-02
-4.879452288150787354e-02
7.091391831636428833e-02
-1.510826498270034790e-02
1.496152579784393311e-02
2.456903457641601562e-02
5.096152052283287048e-02
1.709992438554763794e-02
9.583513438701629639e-02
-6.966046988964080811e-02
4.019930213689804077e-02
-8.970557153224945068e-02
7.383458316326141357e-03
9.583513438701629639e-02
-1.223395764827728271e-01
-9.539422392845153809e-02
2.269711345434188843e-02
-8.734469115734100342e-02
9.583513438701629639e-02
-8.983637392520904541e-02
9.583513438701629639e-02
9.583513438701629639e-02
-1.942249685525894165e-01
2.784041315317153931e-02
-4.412922263145446777e-02
9.583513438701629639e-02
-1.558000594377517700e-02
-8.765691518783569336e-02
6.409278512001037598e-02
7.659238576889038086e-02
-1.681903749704360962e-02
-1.640819758176803589e-01
9.583513438701629639e-02
2.000959962606430054e-02
-1.503679752349853516e-01
-1.133457571268081665e-01
-2.713123708963394165e-02
3.146991133689880371e-03
5.346974730491638184e-02
4.103133827447891235e-02
-6.434725224971771240e-02
3.551921248435974121e-02
9.583513438701629639e-02
-2.390776574611663818e-02
8.510220050811767578e-02
9.583513438701629639e-02
9.583513438701629639e-02
2.005763351917266846e-03
9.583513438701629639e-02
9.583513438701629639e-02
-4.395402967929840088e-02
9.583513438701629639e-02
9.583513438701629639e-02
-4.363006353378295898e-02
9.583513438701629639e-02
5.044687166810035706e-02
9.583513438701629639e-02
8.761596679687500000e-02
9.364537894725799561e-02
9.583513438701629639e-02
-8.399298787117004395e-02
-1.815416365861892700e-01
9.583513438701629639e-02
2.698708325624465942e-02
-5.069115757942199707e-02
-4.008005559444427490e-02
5.940148606896400452e-02
1.634193956851959229e-02
