-2.203186973929405212e-02
-1.872777193784713745e-01
-1.188784390687942505e-01
4.985275864601135254e-02
1.219772994518280029e-01
-2.324525266885757446e-02
-1.172432750463485718e-01
3.377662040293216705e-03
-1.823287829756736755e-02
1.815650239586830139e-02
-3.290139511227607727e-02
-4.439947195351123810e-03
3.955343738198280334e-02
-1.231398135423660278e-01
1.995087116956710815e-01
7.294380664825439453e-02
1.950143277645111084e-01
-9.954413026571273804e-02
-5.052613839507102966e-02
2.801193594932556152e-01
-7.694936357438564301e-03
9.528664499521255493e-02
-3.296158611774444580e-01
7.583469152450561523e-02
-5.983865261077880859e-02
6.329710036516189575e-02
2.263811603188514709e-02
-9.864611178636550903e-02
-1.061332877725362778e-02
-1.115283593535423279e-01
-2.379375696182250977e-01
-6.700220704078674316e-02
2.134980261325836182e-01
-1.402288824319839478e-01
-9.509196132421493530e-02
-4.261098802089691162e-02
1.235544458031654358e-01
6.198206916451454163e-02
-2.337837666273117065e-01
3.008606433868408203e-01
-5.224144831299781799e-02
-2.099012956023216248e-02
6.650231033563613892e-02
3.187014162540435791e-02
-7.465511560440063477e-02
1.800733953714370728e-01
1.436953693628311157e-01
5.460165813565254211e-02
-1.922561675310134888e-01
1.792923212051391602e-01
-1.539054214954376221e-01
7.207127660512924194e-02
2.856188639998435974e-02
-1.203280985355377197e-01
3.531500101089477539e-01
1.274014115333557129e-01
1.472283154726028442e-01
2.458140254020690918e-02
-1.641338318586349487e-01
1.089411377906799316e-01
1.352278590202331543e-01
-1.397163867950439453e-01
1.157258376479148865e-01
-2.822035849094390869e-01
7.086875289678573608e-02
-1.827921420335769653e-01
4.219357669353485107e-02
1.592126339673995972e-01
-6.229851767420768738e-02
1.276291906833648682e-01
-3.731863945722579956e-02
2.457775920629501343e-01
1.163099333643913269e-01
-1.151835098862648010e-01
-1.258383244276046753e-01
1.871294826269149780e-01
-4.442107677459716797e-02
-2.506245672702789307e-01
1.447811722755432129e-01
-1.235564947128295898e-01
7.257608324289321899e-02
-2.024521231651306152e-01
9.317235089838504791e-03
-4.560563713312149048e-02
-1.845138370990753174e-01
1.335837543010711670e-01
6.087434478104114532e-03
-1.156412884593009949e-01
-8.576591312885284424e-02
3.900003433227539062e-02
2.036491632461547852e-01
9.952581673860549927e-02
1.562338471412658691e-01
1.553486138582229614e-01
1.533549875020980835e-01
-3.751004487276077271e-02
-2.392943352460861206e-01
2.860915958881378174e-01
-1.697172597050666809e-02
-1.410600841045379639e-01
