-3.664548695087432861e-02
2.591114044189453125e-01
3.860237002372741699e-01
7.398220896720886230e-02
-1.386547386646270752e-01
2.168520092964172363e-01
-1.059995219111442566e-01
-2.868269681930541992e-01
-4.405527710914611816e-01
2.708730474114418030e-02
6.380014121532440186e-02
-1.479738950729370117e-01
6.971477530896663666e-03
1.756806075572967529e-01
4.741437733173370361e-02
6.770491600036621094e-02
1.843366399407386780e-02
5.735139921307563782e-02
-6.537429243326187134e-02
-8.308134973049163818e-02
-2.588646411895751953e-01
1.407786011695861816e-01
-2.579112052917480469e-01
2.684690952301025391e-01
2.508267760276794434e-01
8.359977602958679199e-02
-1.782783567905426025e-01
2.713299989700317383e-01
1.517775803804397583e-01
4.297547638416290283e-01
-2.797141671180725098e-01
2.326738834381103516e-01
-2.398789525032043457e-01
-2.168531566858291626e-01
1.794608086347579956e-01
-7.610324025154113770e-02
1.341138333082199097e-01
2.369666993618011475e-01
1.948510110378265381e-02
7.516248524188995361e-02
1.018419191241264343e-01
2.133069038391113281e-01
2.196055203676223755e-01
2.057406902313232422e-01
2.122190445661544800e-01
2.516399323940277100e-01
-1.195038259029388428e-01
-1.470182240009307861e-01
1.434906274080276489e-01
-3.979558944702148438e-01
-1.255884766578674316e-01
-8.759623020887374878e-02
-1.949599087238311768e-01
2.386771142482757568e-02
-3.209424205124378204e-03
-1.025583501905202866e-02
-2.968381643295288086e-01
-1.032078042626380920e-01
-1.373641043901443481e-01
-3.159078955650329590e-02
-2.892441749572753906e-01
1.071425229310989380e-01
-8.249454945325851440e-02
1.620642095804214478e-01
1.359999924898147583e-01
2.634293735027313232e-01
-9.040359407663345337e-02
7.635726593434810638e-03
3.859700635075569153e-02
-3.638857007026672363e-01
-2.277316004037857056e-01
-1.239656433463096619e-01
3.458422794938087463e-02
8.507265895605087280e-02
-7.393925637006759644e-02
8.007561415433883667e-02
1.107502281665802002e-01
1.652979701757431030e-01
-2.640856504440307617e-01
1.221479400992393494e-01
5.725090950727462769e-02
2.845211327075958252e-02
-8.515873551368713379e-02
6.123159453272819519e-02
-3.395811468362808228e-02
-2.043773531913757324e-01
4.848824068903923035e-02
-2.015190422534942627e-01
2.002165615558624268e-01
-1.074722930788993835e-01
-3.503356873989105225e-02
-2.288642078638076782e-01
5.453889816999435425e-02
-7.067147642374038696e-02
2.180774882435798645e-02
2.671766281127929688e-01
2.040325999259948730e-01
-2.334070801734924316e-01
9.610377997159957886e-02
1.631307229399681091e-02
