-1.316956728696823120e-01
2.119197696447372437e-01
9.956064075231552124e-02
4.748493432998657227e-02
-2.049730420112609863e-01
-6.693662703037261963e-02
1.351167112588882446e-01
2.334994673728942871e-01
5.481025576591491699e-02
1.386688798666000366e-01
-1.716369241476058960e-01
1.870020925998687744e-01
4.047876223921775818e-02
-2.019139379262924194e-01
-2.552871108055114746e-01
9.300448745489120483e-02
1.314159184694290161e-01
1.104624196887016296e-01
-8.599114418029785156e-02
2.056405246257781982e-01
2.002921998500823975e-01
-2.305854409933090210e-01
-3.752773255109786987e-02
2.820533215999603271e-01
-2.273586094379425049e-01
2.072907686233520508e-01
1.805733591318130493e-01
4.184683561325073242e-01
-2.098642848432064056e-02
2.451711148023605347e-01
-1.810320466756820679e-01
-2.111059874296188354e-01
1.078292950987815857e-01
-6.999843716621398926e-01
-5.332262814044952393e-02
1.627952903509140015e-01
-1.165234148502349854e-01
2.206534892320632935e-01
-3.921542316675186157e-02
5.423430204391479492e-01
-1.849877648055553436e-02
-4.332783073186874390e-02
6.111322343349456787e-02
-2.189349830150604248e-01
2.769225835800170898e-01
6.622660905122756958e-02
1.986768692731857300e-01
-2.783479392528533936e-01
-4.866744577884674072e-01
1.535200923681259155e-01
2.964531779289245605e-01
5.916589405387639999e-03
7.687557488679885864e-02
-9.669309481978416443e-03
-7.532028108835220337e-02
1.857378985732793808e-03
-2.082677185535430908e-01
-2.399236522614955902e-02
9.188327938318252563e-02
7.200137525796890259e-02
-2.139579504728317261e-01
1.466958671808242798e-01
-1.570322513580322266e-01
1.908463425934314728e-02
2.491545826196670532e-01
3.295217752456665039e-01
6.184840947389602661e-02
1.009757965803146362e-01
-1.059251949191093445e-01
1.434662491083145142e-01
3.390859961509704590e-01
1.380378901958465576e-01
-7.708773761987686157e-02
-7.613538950681686401e-02
-1.950970590114593506e-01
-2.037679553031921387e-01
1.169309392571449280e-01
-4.596939776092767715e-03
-6.081261485815048218e-02
3.489403724670410156e-01
1.638465672731399536e-01
-3.885810375213623047e-01
1.496394425630569458e-01
-6.036207079887390137e-01
-6.773470342159271240e-02
2.190751731395721436e-01
2.084093242883682251e-01
3.084903657436370850e-01
3.790858089923858643e-01
1.517969518899917603e-01
-5.463723093271255493e-02
-7.206208258867263794e-02
1.999398320913314819e-01
2.867254614830017090e-01
-3.702101707458496094e-01
-3.561812937259674072e-01
1.463183611631393433e-01
3.551285713911056519e-02
2.986362874507904053e-01
-9.238838404417037964e-02
