1.374394400045275688e-03
4.024212807416915894e-02
-3.060350753366947174e-02
-1.394862383604049683e-01
-2.382818460464477539e-01
1.517449170351028442e-01
-1.419675499200820923e-01
9.707143902778625488e-02
4.313523694872856140e-02
3.013934381306171417e-02
-1.296484023332595825e-01
3.054698556661605835e-02
-3.721442818641662598e-02
2.282549589872360229e-01
1.402498483657836914e-01
-5.075590219348669052e-03
-4.513510316610336304e-02
-5.109076946973800659e-02
1.046437676995992661e-02
2.448551170527935028e-02
1.104269400238990784e-01
-3.881899639964103699e-02
-2.376357316970825195e-01
-1.827916949987411499e-01
-2.474616467952728271e-01
-1.631222106516361237e-02
-2.425094991922378540e-01
5.780824646353721619e-02
-9.251104295253753662e-02
4.730329290032386780e-02
7.830192148685455322e-02
-1.204724386334419250e-01
7.472288608551025391e-02
1.423964351415634155e-01
-1.856470406055450439e-01
-3.797947615385055542e-02
2.344888150691986084e-01
1.017238348722457886e-01
1.131644174456596375e-01
-1.990261115133762360e-02
-1.535473857074975967e-02
1.316034346818923950e-01
-1.720720380544662476e-01
-2.679970860481262207e-01
-9.206642210483551025e-02
1.384171843528747559e-01
-2.161299288272857666e-01
-5.917458981275558472e-02
1.593440212309360504e-02
-8.525650948286056519e-02
9.705320000648498535e-02
4.036897122859954834e-01
-1.941472291946411133e-02
-3.413332253694534302e-02
-1.897208690643310547e-01
1.922429166734218597e-02
1.284908652305603027e-01
-9.907933324575424194e-02
2.687656320631504059e-02
2.041306160390377045e-02
-3.931021317839622498e-02
-1.287778913974761963e-01
6.755996495485305786e-02
1.096636056900024414e-01
-2.181228101253509521e-01
1.107481718063354492e-01
5.988585576415061951e-02
-3.754876926541328430e-02
-1.147202327847480774e-01
-2.304977178573608398e-01
5.237531661987304688e-01
1.127795726060867310e-01
2.045393548905849457e-02
2.828168682754039764e-02
5.030690133571624756e-02
6.122948974370956421e-02
-8.542276918888092041e-02
-2.470197342336177826e-02
5.935188010334968567e-02
6.837794929742813110e-02
8.810121566057205200e-02
-1.956320554018020630e-01
2.492628544569015503e-01
1.437999755144119263e-01
1.289926469326019287e-01
1.314626038074493408e-01
1.433577984571456909e-01
1.924468874931335449e-01
9.740464389324188232e-02
1.329542100429534912e-01
1.385075300931930542e-01
-2.993851304054260254e-01
-1.349878730252385139e-03
1.593220792710781097e-02
4.263698160648345947e-01
-1.801959425210952759e-01
1.643400192260742188e-01
-7.688749581575393677e-02
4.912451282143592834e-02
-1.617986261844635010e-01
