8.643933385610580444e-02
8.276609703898429871e-03
-1.456769108772277832e-01
3.217758610844612122e-02
4.196489695459604263e-03
-1.225980557501316071e-02
-5.906605720520019531e-02
-8.669114857912063599e-02
-1.711407601833343506e-01
1.360316723585128784e-01
-1.112240031361579895e-01
-4.069690778851509094e-02
-1.084136366844177246e-01
1.661040484905242920e-01
-5.433396901935338974e-03
-2.792395837604999542e-02
-1.535243093967437744e-01
2.862001024186611176e-02
-3.708569705486297607e-01
-1.449781358242034912e-01
4.820132255554199219e-02
4.448051098734140396e-03
-5.266490578651428223e-02
-5.196944996714591980e-02
-1.596824973821640015e-01
-1.685132384300231934e-01
4.081563092768192291e-04
-7.157202810049057007e-02
7.315268367528915405e-02
7.186047732830047607e-02
6.491348147392272949e-02
-1.693318970501422882e-02
-3.178226947784423828e-02
3.543360624462366104e-03
-1.264822296798229218e-02
-2.718173153698444366e-02
6.212428957223892212e-02
2.013290077447891235e-01
2.835425548255443573e-02
3.338105604052543640e-02
-3.391708061099052429e-02
-2.221565507352352142e-02
-1.840837858617305756e-02
1.685926765203475952e-01
9.704275429248809814e-02
-7.876415550708770752e-02
2.236957196146249771e-03
8.729217201471328735e-02
1.030528396368026733e-01
1.128408871591091156e-02
-6.710967421531677246e-02
1.476727239787578583e-02
2.933282591402530670e-02
7.633487135171890259e-02
-4.650866147130727768e-03
-8.746564388275146484e-02
-5.957110226154327393e-02
-2.667582221329212189e-02
-5.556874722242355347e-02
-1.328785270452499390e-01
5.011817812919616699e-02
4.285922646522521973e-02
-8.746016025543212891e-02
-1.272408105432987213e-02
-4.346225783228874207e-02
-1.613219734281301498e-03
1.454496979713439941e-01
1.060407012701034546e-01
2.990596927702426910e-02
-5.707276519387960434e-03
1.906487159430980682e-02
-6.198267638683319092e-02
-1.799717731773853302e-02
6.393897533416748047e-02
1.167655065655708313e-01
-3.735968377441167831e-03
-4.787832871079444885e-02
-1.468647420406341553e-01
-9.706964716315269470e-03
6.465276330709457397e-02
-3.701356705278158188e-03
-6.299269199371337891e-02
-1.665076911449432373e-01
2.485458850860595703e-01
1.855423115193843842e-02
-1.754945367574691772e-01
6.015601009130477905e-02
-4.072395265102386475e-01
-2.153419144451618195e-02
3.563371300697326660e-02
3.371996283531188965e-01
-7.253712415695190430e-02
-2.725651562213897705e-01
-2.304088138043880463e-02
5.210746824741363525e-02
-6.065944582223892212e-02
1.142498627305030823e-01
1.396818552166223526e-03
-2.133447527885437012e-01
-2.016375511884689331e-01
