1.323877274990081787e-01
-1.441557556390762329e-01
-7.057598792016506195e-03
8.683165162801742554e-02
1.302694529294967651e-02
-2.769611477851867676e-01
-8.951523154973983765e-02
-2.582942843437194824e-01
-1.399671435356140137e-01
2.103033661842346191e-01
1.739238202571868896e-01
9.734935127198696136e-03
8.901631087064743042e-02
-7.389268279075622559e-02
-1.076857969164848328e-01
7.435571402311325073e-02
1.228501871228218079e-01
3.952500969171524048e-02
-1.470813900232315063e-01
-1.764412969350814819e-01
-2.762329876422882080e-01
1.355387866497039795e-01
-3.998999297618865967e-01
1.566279381513595581e-01
1.296701878309249878e-01
6.895925849676132202e-02
-6.982657127082347870e-03
-8.393867313861846924e-02
-5.096765756607055664e-01
2.983839809894561768e-01
7.445758581161499023e-02
-4.312334954738616943e-01
-6.992835551500320435e-02
-2.833879590034484863e-01
3.134691417217254639e-01
1.810356974601745605e-01
-3.362662196159362793e-01
5.120958387851715088e-02
1.288830041885375977e-01
-2.911765575408935547e-01
1.413887590169906616e-01
-2.175148129463195801e-01
3.112474977970123291e-01
-6.240510940551757812e-02
1.790072619915008545e-01
-1.604272127151489258e-01
-3.286807537078857422e-01
-6.747509539127349854e-02
2.234721481800079346e-01
-2.288284897804260254e-01
-1.531092226505279541e-01
-1.462029367685317993e-01
3.096171021461486816e-01
-4.505275487899780273e-01
2.425059676170349121e-01
-6.787823885679244995e-02
7.926368713378906250e-02
4.399179667234420776e-02
7.763797417283058167e-03
-3.492131456732749939e-02
4.869030416011810303e-01
1.201909035444259644e-01
-2.062173187732696533e-01
-8.540065586566925049e-02
-2.107615321874618530e-01
-2.032527923583984375e-01
5.409706011414527893e-02
2.409542053937911987e-01
-1.375978142023086548e-01
1.450892984867095947e-01
-2.498356401920318604e-01
-2.856830507516860962e-02
4.758977890014648438e-01
2.331281751394271851e-01
3.017760217189788818e-01
8.963706344366073608e-02
6.997291743755340576e-02
2.447265982627868652e-01
-4.071139693260192871e-01
-3.572598844766616821e-02
-1.721516717225313187e-03
2.487919479608535767e-02
-3.022350370883941650e-01
-5.119417235255241394e-02
1.416249126195907593e-01
1.263446211814880371e-01
-1.011067181825637817e-01
-1.579994410276412964e-01
-1.083663627505302429e-01
1.738826036453247070e-01
3.420737385749816895e-02
2.633856236934661865e-01
8.405220508575439453e-02
2.241573035717010498e-01
-1.373975574970245361e-01
-1.587884128093719482e-01
5.134610459208488464e-02
2.317126542329788208e-01
1.277312636375427246e-01
-9.229796379804611206e-02
