2.384736984968185425e-01
-3.415061831474304199e-01
-2.477498650550842285e-01
2.228536456823348999e-01
-3.070520237088203430e-03
3.299577906727790833e-02
-2.600346505641937256e-01
2.302687019109725952e-01
2.679260671138763428e-01
-5.244198068976402283e-02
-4.847618564963340759e-02
1.555285602807998657e-01
3.161498904228210449e-01
1.175200045108795166e-01
2.812558710575103760e-01
9.933172166347503662e-02
1.183254122734069824e-01
-2.537268698215484619e-01
3.775830566883087158e-01
1.794971339404582977e-02
2.468981035053730011e-02
-2.538844048976898193e-01
-7.359530329704284668e-01
5.367119237780570984e-02
3.957786783576011658e-02
1.208162903785705566e-01
1.518888622522354126e-01
2.419576793909072876e-01
6.380027532577514648e-02
-3.058665990829467773e-01
9.298042953014373779e-02
-3.497832715511322021e-01
3.716504201292991638e-02
2.742426656186580658e-02
2.148781418800354004e-01
1.189403310418128967e-01
3.173808157444000244e-01
-2.361187040805816650e-01
-2.869419157505035400e-01
-4.964986816048622131e-03
6.326203048229217529e-02
-5.197716951370239258e-01
5.138374492526054382e-02
-5.462061166763305664e-01
1.084633767604827881e-01
-4.331881403923034668e-01
-8.400273323059082031e-02
1.890647560358047485e-01
2.719634175300598145e-01
3.063558638095855713e-01
1.742066442966461182e-01
-2.317007333040237427e-01
-3.728785812854766846e-01
-8.171664550900459290e-03
1.645799428224563599e-01
-2.842451333999633789e-01
3.594877198338508606e-02
1.265574842691421509e-01
-3.930870592594146729e-01
1.981532722711563110e-01
-2.554390132427215576e-01
2.251571267843246460e-01
-3.571096360683441162e-01
1.449897140264511108e-01
2.145350128412246704e-01
-9.235547855496406555e-03
-2.943363785743713379e-01
1.710021197795867920e-01
-5.261676907539367676e-01
3.183059021830558777e-02
1.092566251754760742e-01
-3.273002505302429199e-01
2.577661871910095215e-01
1.277230083942413330e-01
-6.096263602375984192e-02
-6.394238471984863281e-01
2.736198604106903076e-01
3.625378385186195374e-02
8.457022905349731445e-02
-7.706608623266220093e-02
1.231888234615325928e-01
7.081194967031478882e-02
-1.090616919100284576e-02
4.089968279004096985e-02
-7.503240704536437988e-01
-4.875516891479492188e-01
8.810745179653167725e-02
-9.223543107509613037e-02
1.946577429771423340e-01
-7.452149987220764160e-01
-8.931012824177742004e-03
-2.619679272174835205e-01
3.642902970314025879e-01
8.193004876375198364e-02
-1.186069995164871216e-01
2.380920574069023132e-03
-1.935756392776966095e-02
1.161960661411285400e-01
3.329925239086151123e-01
-2.198980301618576050e-01
