-8.719481527805328369e-02
2.363671362400054932e-02
-5.396991968154907227e-02
-8.472129702568054199e-04
-1.584977358579635620e-01
-7.342258840799331665e-02
5.478568077087402344e-01
-1.392922252416610718e-01
2.491413429379463196e-02
-2.131070941686630249e-02
-4.257999360561370850e-02
-1.106908842921257019e-01
-1.591923832893371582e-01
-1.081094220280647278e-01
2.141621708869934082e-02
1.439267098903656006e-01
-1.706576645374298096e-01
-9.550324827432632446e-02
-1.621181964874267578e-01
1.012484878301620483e-01
2.347936481237411499e-01
-1.511346548795700073e-02
-5.901688709855079651e-03
-8.208084851503372192e-02
-1.307101398706436157e-01
4.318650439381599426e-02
-9.753721207380294800e-02
2.742102742195129395e-01
1.077625975012779236e-01
-1.365435421466827393e-01
3.961673006415367126e-02
-4.697395861148834229e-02
-5.802626162767410278e-02
5.174218416213989258e-01
-1.192431300878524780e-01
2.790357470512390137e-01
-2.104415744543075562e-02
1.560980826616287231e-01
1.432544142007827759e-01
5.538009479641914368e-02
1.809177845716476440e-01
-9.719694405794143677e-02
-1.927419565618038177e-02
-9.771662205457687378e-02
1.885445415973663330e-01
-6.848772615194320679e-02
-1.746609508991241455e-01
-1.219939291477203369e-01
-1.879778504371643066e-01
2.518882453441619873e-01
-7.078338414430618286e-02
-1.403856128454208374e-01
1.663803309202194214e-01
-1.502903364598751068e-02
2.196875400841236115e-02
-1.169510334730148315e-01
3.114328533411026001e-02
-6.492980569601058960e-02
-1.057904064655303955e-01
-1.245464384555816650e-01
-1.512844413518905640e-01
-8.714272081851959229e-02
-4.379816353321075439e-02
-1.839544326066970825e-01
-5.841925740242004395e-04
2.729774713516235352e-01
2.798329852521419525e-02
-1.527912616729736328e-01
-2.086735218763351440e-01
-1.445197016000747681e-01
-9.955484420061111450e-04
-4.589986056089401245e-03
-4.818170517683029175e-02
-1.153722591698169708e-02
6.844529509544372559e-02
1.645991653203964233e-01
-1.053125783801078796e-01
-8.473592251539230347e-02
-2.684479951858520508e-02
9.682080149650573730e-02
-9.953116625547409058e-02
1.358075737953186035e-01
-7.270221412181854248e-02
-3.784142434597015381e-03
-5.207454413175582886e-02
6.533104181289672852e-02
1.437482535839080811e-01
1.979097723960876465e-04
-1.755927205085754395e-01
-1.101797446608543396e-01
-7.285393774509429932e-02
-1.855515241622924805e-01
-9.939651191234588623e-02
4.746239185333251953e-01
-1.554385423660278320e-01
-3.935586661100387573e-03
-1.263496577739715576e-01
-9.376284480094909668e-02
3.273881971836090088e-02
-6.787616759538650513e-03
