-3.287053108215332031e-02
1.522101461887359619e-02
9.537762403488159180e-02
4.341382160782814026e-02
2.649974822998046875e-02
-9.447334706783294678e-02
-5.090841650962829590e-02
-1.392818689346313477e-01
9.537762403488159180e-02
-9.708479046821594238e-03
5.695905163884162903e-02
-2.476530373096466064e-01
2.348810434341430664e-02
-1.269476860761642456e-02
2.615455538034439087e-02
9.537762403488159180e-02
9.537762403488159180e-02
-6.257869303226470947e-02
9.537762403488159180e-02
3.452810272574424744e-02
9.537762403488159180e-02
5.948029458522796631e-03
9.537762403488159180e-02
-1.702460646629333496e-02
-2.514960616827011108e-02
1.758324354887008667e-02
-3.616477549076080322e-02
-2.701786905527114868e-02
6.380553543567657471e-02
-1.730114221572875977e-03
1.701386272907257080e-02
6.637011468410491943e-02
2.752557396888732910e-02
2.769477665424346924e-03
4.425593093037605286e-02
5.124926567077636719e-03
9.537762403488159180e-02
3.061069548130035400e-02
9.537762403488159180e-02
-1.598608493804931641e-01
-9.061571955680847168e-02
-8.923520147800445557e-02
6.984318792819976807e-02
-8.058103919029235840e-02
4.258577525615692139e-02
-5.644540488719940186e-02
-9.947767853736877441e-02
9.231700003147125244e-02
9.537762403488159180e-02
-1.495757997035980225e-01
-1.984461247920989990e-01
-3.911085426807403564e-03
4.607367888092994690e-02
5.527320504188537598e-02
3.106135129928588867e-02
7.714348286390304565e-02
-7.443150877952575684e-02
9.537762403488159180e-02
1.912398636341094971e-02
-1.050247848033905029e-01
1.027429103851318359e-02
9.537762403488159180e-02
-9.699507057666778564e-02
1.653380692005157471e-02
9.537762403488159180e-02
9.537762403488159180e-02
1.862651109695434570e-02
3.714426606893539429e-02
1.106064766645431519e-02
9.537762403488159180e-02
-9.667433798313140869e-03
-9.125940501689910889e-03
9.537762403488159180e-02
9.537762403488159180e-02
-7.108688354492187500e-02
-1.097526401281356812e-02
9.537762403488159180e-02
9.537762403488159180e-02
-2.948249131441116333e-02
-1.142141222953796387e-02
5.629132315516471863e-02
2.491057664155960083e-02
-2.856454253196716309e-02
9.537762403488159180e-02
-5.135767161846160889e-02
8.436895161867141724e-02
2.714084088802337646e-02
9.537762403488159180e-02
4.437287896871566772e-02
3.120280802249908447e-02
-3.787438571453094482e-02
-1.066476106643676758e-03
-6.365048885345458984e-02
9.537762403488159180e-02
5.670208856463432312e-02
-1.488580554723739624e-02
9.537762403488159180e-02
9.537762403488159180e-02
-2.657937705516815186e-01
-2.318792790174484253e-02
