2.971002757549285889e-01
1.772155761718750000e-01
2.078939229249954224e-01
-3.739708065986633301e-01
-2.432165592908859253e-01
2.649342715740203857e-01
-1.412034481763839722e-01
4.322308301925659180e-01
1.409887522459030151e-02
-8.934403210878372192e-02
9.014204144477844238e-02
1.612091809511184692e-01
1.030681282281875610e-01
7.559121251106262207e-01
-1.320981979370117188e-01
2.275322079658508301e-01
2.886594533920288086e-01
-2.881921827793121338e-01
-2.285453379154205322e-01
-1.061997958458960056e-03
-2.546478509902954102e-01
-2.408422827720642090e-01
-8.219813555479049683e-02
1.988400220870971680e-01
-4.619754478335380554e-02
5.881981924176216125e-02
1.010669022798538208e-01
9.019608050584793091e-02
8.820056915283203125e-01
-2.832658588886260986e-02
2.570889592170715332e-01
1.654748916625976562e-01
-9.436880797147750854e-02
-1.465239226818084717e-01
2.263532578945159912e-01
-9.468350559473037720e-03
5.281776655465364456e-03
2.037129700183868408e-01
4.280157685279846191e-01
4.468779861927032471e-01
8.938742429018020630e-02
3.226437568664550781e-01
-7.315639406442642212e-02
-5.045957397669553757e-03
-4.177853465080261230e-01
-3.206858932971954346e-01
3.698233142495155334e-02
1.724109053611755371e-01
6.321075558662414551e-01
4.430386424064636230e-02
2.040413916110992432e-01
1.870681792497634888e-01
3.389069736003875732e-01
-1.493762433528900146e-01
-6.251700520515441895e-01
-7.893548160791397095e-02
1.337410658597946167e-01
2.138200402259826660e-01
-1.724319159984588623e-01
8.917344212532043457e-01
-3.159653767943382263e-02
3.181397318840026855e-01
-7.172818481922149658e-02
-1.770437806844711304e-01
-3.967060744762420654e-01
-3.675146102905273438e-01
3.045910894870758057e-01
-2.887424528598785400e-01
3.336782157421112061e-01
1.669860184192657471e-01
-2.609768509864807129e-02
-6.917832791805267334e-02
1.654409915208816528e-01
-3.610436618328094482e-01
3.292413651943206787e-01
-9.861162304878234863e-02
-2.814849093556404114e-02
5.934013053774833679e-02
2.140765488147735596e-01
-3.182190656661987305e-01
-3.404099941253662109e-01
-5.801635384559631348e-01
1.991643756628036499e-01
-3.180325776338577271e-02
-2.245121747255325317e-01
-2.173289507627487183e-01
-1.795404106378555298e-01
1.441997140645980835e-01
-1.123034358024597168e-01
-2.281303554773330688e-01
-5.277186632156372070e-01
1.805264502763748169e-01
1.761593073606491089e-01
-1.185634136199951172e-01
2.522148787975311279e-01
1.995705217123031616e-01
-1.085791438817977905e-01
-3.167607188224792480e-01
-1.635470390319824219e-01
-6.650219112634658813e-02
