-6.967566907405853271e-02
-2.555624246597290039e-01
-1.060531139373779297e-01
-8.184304088354110718e-02
-1.824967563152313232e-01
9.297054260969161987e-02
5.701811052858829498e-03
1.415099799633026123e-01
3.143239915370941162e-01
6.512845307588577271e-02
-9.220610558986663818e-02
-9.340109676122665405e-02
3.600776195526123047e-02
-1.729084551334381104e-01
1.340434104204177856e-01
-1.286061555147171021e-01
-1.378744002431631088e-02
1.266272217035293579e-01
-3.364766761660575867e-02
1.715708374977111816e-01
4.774963110685348511e-02
1.777322292327880859e-01
1.825501620769500732e-01
-2.984130941331386566e-02
-7.220287621021270752e-02
-3.765290230512619019e-02
7.389745116233825684e-02
-4.923426359891891479e-02
-1.255032271146774292e-01
6.563849002122879028e-02
1.583486981689929962e-02
-4.838685318827629089e-02
4.287439584732055664e-02
9.097024053335189819e-02
-1.748537868261337280e-01
1.538168489933013916e-01
-1.571813412010669708e-02
6.030186265707015991e-02
-1.237907484173774719e-01
-7.328791916370391846e-02
1.447539627552032471e-01
9.940624982118606567e-02
-9.918542206287384033e-02
-1.000178828835487366e-01
-1.198186445981264114e-02
-1.737164258956909180e-01
5.202499777078628540e-02
-1.168853193521499634e-01
1.439111828804016113e-01
-1.491469293832778931e-01
9.040360338985919952e-03
-1.878620497882366180e-02
3.304175287485122681e-02
3.449915722012519836e-02
8.434420078992843628e-02
-7.384666800498962402e-02
-2.622077986598014832e-02
2.183965407311916351e-02
1.288013458251953125e-01
1.092762574553489685e-01
-1.502884179353713989e-01
-1.076231077313423157e-01
1.165880188345909119e-01
1.357704550027847290e-01
-1.463294867426156998e-02
-1.003877148032188416e-01
1.504667997360229492e-01
-5.106186866760253906e-02
3.197557851672172546e-02
7.927820831537246704e-02
6.893424689769744873e-02
-2.216284163296222687e-03
-6.891668774187564850e-03
1.056919898837804794e-02
4.273545369505882263e-02
8.225443214178085327e-02
-1.276664882898330688e-01
8.492185920476913452e-02
-1.757221370935440063e-01
2.399947680532932281e-02
-6.788275390863418579e-02
-6.950278766453266144e-03
1.194940432906150818e-01
8.155393600463867188e-02
2.499602921307086945e-02
-8.231963217258453369e-02
-1.585292816162109375e-01
6.447963416576385498e-02
9.621365368366241455e-02
8.290589600801467896e-02
2.535886690020561218e-02
-1.334788799285888672e-01
1.579189300537109375e-01
4.810628294944763184e-02
-4.425667226314544678e-02
2.961646951735019684e-02
-9.588985890150070190e-02
1.814961619675159454e-02
-2.453975230455398560e-01
6.461700052022933960e-02
