1.032994017004966736e-01
2.797167003154754639e-02
1.339873671531677246e-01
-2.092652395367622375e-02
1.127874031662940979e-01
-7.913824170827865601e-03
-4.124571755528450012e-02
-1.323548555374145508e-01
-1.611934788525104523e-02
6.333034019917249680e-03
1.786763966083526611e-01
-1.262948065996170044e-01
6.130366772413253784e-02
1.330704689025878906e-01
1.162479370832443237e-01
-1.093604788184165955e-01
1.298539936542510986e-01
7.401570677757263184e-02
2.017521560192108154e-01
1.954370439052581787e-01
-8.267939835786819458e-02
-6.076831221580505371e-01
3.561932742595672607e-01
-2.858098596334457397e-02
2.087555080652236938e-02
1.121518686413764954e-01
9.752952307462692261e-02
-8.635335415601730347e-02
3.087032735347747803e-01
2.620951458811759949e-02
1.165109574794769287e-01
7.698602229356765747e-02
6.095846742391586304e-02
-2.848920971155166626e-02
-7.805264741182327271e-02
-8.206780999898910522e-02
4.828418605029582977e-04
1.334414929151535034e-01
-2.578274309635162354e-01
-4.256745055317878723e-02
-1.006908938288688660e-01
-5.048520863056182861e-02
1.516910940408706665e-01
9.468639642000198364e-02
-3.624550253152847290e-02
1.195766180753707886e-01
1.107709333300590515e-01
-1.294568330049514771e-01
1.702396422624588013e-01
-1.190743595361709595e-02
-1.417324319481849670e-02
-4.869907200336456299e-01
3.810528200119733810e-03
-3.791737928986549377e-02
1.042211353778839111e-01
2.058171331882476807e-01
3.626874089241027832e-02
2.921462059020996094e-02
9.701205790042877197e-02
2.355150505900382996e-02
4.444054141640663147e-02
1.396729946136474609e-01
3.520512580871582031e-02
7.407535612583160400e-02
4.558145254850387573e-02
2.446977421641349792e-02
-1.051386743783950806e-01
1.000331118702888489e-01
1.722688227891921997e-02
2.165492326021194458e-01
-1.195901632308959961e-02
-3.192324656993150711e-03
-1.757460683584213257e-01
4.503445327281951904e-02
-1.240141391754150391e-01
1.955563127994537354e-01
9.131895005702972412e-02
5.404171720147132874e-02
1.021329015493392944e-01
5.979051068425178528e-02
5.111560598015785217e-02
8.655202388763427734e-02
-1.434688419103622437e-01
-3.068543970584869385e-01
1.854499801993370056e-02
1.313301324844360352e-01
1.586692184209823608e-01
9.307321161031723022e-02
7.907534390687942505e-02
2.957048267126083374e-02
-2.399757653474807739e-01
1.150248870253562927e-01
-2.913572359830141068e-03
-4.447574913501739502e-02
-5.122886225581169128e-02
1.785014867782592773e-01
8.960702270269393921e-02
4.547959566116333008e-02
3.498815596103668213e-01
2.135509848594665527e-01
