2.240553051233291626e-01
2.051353454589843750e-01
7.401358336210250854e-02
-3.476559519767761230e-01
-1.588489115238189697e-01
2.603855170309543610e-02
1.001501530408859253e-01
-1.475811004638671875e-01
4.800166785717010498e-01
1.299449056386947632e-01
1.567854732275009155e-01
-1.594991981983184814e-01
-2.319678962230682373e-01
1.746816933155059814e-01
-1.282329112291336060e-01
1.474965810775756836e-01
3.088550567626953125e-01
7.926513999700546265e-02
1.148715317249298096e-01
3.765981793403625488e-01
3.368702232837677002e-01
4.603618383407592773e-01
-2.156240642070770264e-01
6.397969275712966919e-02
-2.188689559698104858e-01
4.847607910633087158e-01
1.055255755782127380e-01
2.722194194793701172e-01
-7.400602847337722778e-02
3.475746884942054749e-02
1.704397378489375114e-03
-1.622557044029235840e-01
-2.199482619762420654e-01
-3.547815978527069092e-01
1.031694561243057251e-01
-1.999412328004837036e-01
9.631873667240142822e-02
-2.887732982635498047e-01
-3.445975184440612793e-01
-5.529698729515075684e-01
2.038607597351074219e-01
-7.728782482445240021e-03
-1.699923276901245117e-01
-4.704215824604034424e-01
4.497459828853607178e-01
-4.683713987469673157e-02
-3.634444475173950195e-01
4.520843178033828735e-02
3.375824391841888428e-01
3.872323036193847656e-01
3.870527725666761398e-04
-5.397278666496276855e-01
5.402754545211791992e-01
1.714518852531909943e-02
2.743127644062042236e-01
7.603314518928527832e-02
2.941382527351379395e-01
-4.354918003082275391e-01
7.885717749595642090e-01
-1.560437679290771484e-01
2.289455570280551910e-02
-5.019112825393676758e-01
-4.060332179069519043e-01
6.125593557953834534e-02
1.656238138675689697e-01
1.919939219951629639e-01
3.383548557758331299e-02
-1.752001196146011353e-01
-2.248948514461517334e-01
-2.911916188895702362e-02
-1.117203757166862488e-01
5.045782402157783508e-02
2.464470416307449341e-01
-2.183255255222320557e-01
2.952266633510589600e-01
3.691655397415161133e-01
5.135202407836914062e-01
-2.772106230258941650e-01
-1.683219522237777710e-01
8.713166415691375732e-02
6.495025008916854858e-02
-4.719778597354888916e-01
1.582060605287551880e-01
2.088105380535125732e-01
2.908604145050048828e-01
3.254349827766418457e-01
-1.921769827604293823e-01
3.539104461669921875e-01
1.255453526973724365e-01
-3.424743115901947021e-01
2.892783284187316895e-01
1.295405905693769455e-02
-2.730696201324462891e-01
1.532597839832305908e-01
5.692729353904724121e-01
2.632311880588531494e-01
-4.958455562591552734e-01
2.377140820026397705e-01
2.639381587505340576e-01
6.112578883767127991e-02
