2.927128225564956665e-02
-6.427518278360366821e-02
-6.649646908044815063e-02
9.978371858596801758e-02
8.308615535497665405e-02
-5.706621333956718445e-02
-1.777450740337371826e-01
1.084675937891006470e-01
-2.095815539360046387e-02
-6.617425382137298584e-02
8.502739667892456055e-02
8.386805653572082520e-02
-5.832278355956077576e-02
9.725854545831680298e-02
-5.719619616866111755e-02
8.399003744125366211e-02
1.017442196607589722e-01
-1.343647539615631104e-01
5.886285565793514252e-03
-7.649448700249195099e-03
-5.750120617449283600e-03
1.352990567684173584e-01
1.250686775892972946e-02
2.540982142090797424e-02
7.912297546863555908e-02
2.068283855915069580e-01
1.079302430152893066e-01
-3.531484678387641907e-02
1.923713684082031250e-01
-1.332009881734848022e-01
-1.873982846736907959e-01
1.676338016986846924e-01
-1.823057979345321655e-02
2.905883491039276123e-01
4.241587594151496887e-02
-2.010152488946914673e-01
-8.370379358530044556e-02
-1.180859655141830444e-01
-1.428613513708114624e-01
1.200488805770874023e-01
-8.429333567619323730e-02
4.798634722828865051e-02
8.160066604614257812e-02
-8.939101547002792358e-02
5.882900580763816833e-02
-2.124140039086341858e-02
-9.553337842226028442e-02
-2.002322115004062653e-03
1.287180632352828979e-01
-3.146423026919364929e-02
-4.765371605753898621e-02
6.106335297226905823e-02
4.839412495493888855e-02
7.222218066453933716e-02
-1.589555591344833374e-01
1.306096017360687256e-01
7.052866369485855103e-02
9.428273141384124756e-02
-9.296310693025588989e-02
-1.466440111398696899e-01
-3.852123022079467773e-02
1.135947331786155701e-01
-7.589032500982284546e-02
6.219608709216117859e-02
-7.670517265796661377e-02
3.483712300658226013e-02
4.376247152686119080e-02
-3.323616459965705872e-02
-5.235710181295871735e-03
-2.049832195043563843e-01
1.915172189474105835e-01
-6.745123118162155151e-02
-1.716360747814178467e-01
8.932657539844512939e-02
1.662873104214668274e-02
-1.200004015117883682e-02
5.603426322340965271e-02
4.278159514069557190e-02
1.061302870512008667e-01
2.398014441132545471e-02
1.203336194157600403e-01
-1.260406672954559326e-01
5.252259783446788788e-03
-1.662567257881164551e-02
3.975306823849678040e-02
-1.881757378578186035e-01
7.956436835229396820e-03
9.865040890872478485e-03
-4.494261741638183594e-02
8.498388528823852539e-02
6.797897815704345703e-02
5.278239399194717407e-02
4.102255403995513916e-02
3.492297604680061340e-02
-1.031576842069625854e-01
-5.639677867293357849e-02
1.116265952587127686e-01
-1.935697644948959351e-01
2.087030187249183655e-02
-4.561866447329521179e-02
