5.676939338445663452e-02
-9.018094092607498169e-02
1.425557881593704224e-01
2.704921364784240723e-01
-3.080680966377258301e-01
-3.926741331815719604e-02
4.062290787696838379e-01
2.250820249319076538e-01
3.519032597541809082e-01
3.851857036352157593e-02
6.770475953817367554e-02
-1.609631478786468506e-01
-1.475483775138854980e-01
-1.167955026030540466e-01
2.707129716873168945e-01
-1.852577179670333862e-01
-3.459794074296951294e-02
-3.028849698603153229e-02
6.306328624486923218e-02
2.535585761070251465e-01
-3.563546389341354370e-02
-2.638233900070190430e-01
1.886126250028610229e-01
1.044265106320381165e-01
-2.485025860369205475e-02
1.599113196134567261e-01
-2.990017272531986237e-02
5.926255136728286743e-02
1.442070156335830688e-01
5.050372332334518433e-02
1.648639887571334839e-01
-3.658107668161392212e-02
2.132578343152999878e-01
-1.597771421074867249e-03
1.218630000948905945e-01
3.811499476432800293e-01
1.321279071271419525e-02
1.463657245039939880e-03
2.512319982051849365e-01
-1.893431544303894043e-01
-2.928356528282165527e-01
-3.229684382677078247e-02
-1.342446058988571167e-01
2.258924692869186401e-01
1.086180470883846283e-02
-3.566746413707733154e-01
-3.329344689846038818e-01
-2.918528318405151367e-01
4.555792361497879028e-02
2.424623630940914154e-02
-1.467418521642684937e-01
-1.969022005796432495e-01
2.821123003959655762e-01
3.099539279937744141e-01
4.878680408000946045e-02
-2.681911922991275787e-02
-2.084190025925636292e-03
-6.317762732505798340e-01
-4.588187932968139648e-01
-4.022773504257202148e-01
1.783818006515502930e-01
-2.982797622680664062e-01
4.092689603567123413e-02
-1.789299845695495605e-01
-2.123586274683475494e-02
1.161105260252952576e-01
3.324471116065979004e-01
2.437988966703414917e-01
-2.205751538276672363e-01
4.001291394233703613e-01
-1.184610798954963684e-01
3.625962138175964355e-01
-4.961826205253601074e-01
6.784183531999588013e-02
1.645205765962600708e-01
9.584762901067733765e-02
-2.688513100147247314e-01
-1.937885880470275879e-01
4.240608215332031250e-01
-1.418187469244003296e-01
2.229368686676025391e-01
-4.127959161996841431e-02
-2.601415514945983887e-01
-1.819258183240890503e-01
-4.063984155654907227e-01
7.026224583387374878e-02
-2.232498228549957275e-01
4.796146601438522339e-02
2.234213650226593018e-01
1.073767617344856262e-01
-6.183961406350135803e-03
-3.211135268211364746e-01
3.449721336364746094e-01
3.026259839534759521e-01
1.071232333779335022e-01
-2.024603635072708130e-01
-7.007975131273269653e-02
-2.395839840173721313e-01
1.926922649145126343e-01
2.311993986368179321e-01
