-2.025761157274246216e-01
1.460010707378387451e-01
-2.520446479320526123e-01
6.399963051080703735e-02
4.995330050587654114e-02
7.868871092796325684e-02
-2.987732887268066406e-01
2.054146081209182739e-01
-1.650940477848052979e-01
-1.464915275573730469e-01
1.078152731060981750e-01
7.615619152784347534e-02
1.881593316793441772e-01
2.622991204261779785e-01
2.837367728352546692e-02
1.042441874742507935e-01
-7.475786842405796051e-03
1.867200247943401337e-02
1.430751755833625793e-02
-9.306889027357101440e-02
1.194742470979690552e-01
5.690239742398262024e-02
1.188254579901695251e-01
1.380845457315444946e-01
-8.801647275686264038e-02
-2.717924304306507111e-03
1.546498984098434448e-01
1.189671680331230164e-01
1.684770286083221436e-01
2.524866722524166107e-03
-1.911710947751998901e-01
1.476288735866546631e-01
-3.798933327198028564e-02
-1.134104132652282715e-01
1.997834742069244385e-01
-2.303999215364456177e-01
2.623760700225830078e-01
-7.855881005525588989e-02
-2.667704597115516663e-02
-1.677448302507400513e-01
-9.347797930240631104e-02
1.721956580877304077e-02
-9.416120499372482300e-02
-9.079637005925178528e-03
-7.222750037908554077e-02
1.591111123561859131e-01
1.374489068984985352e-01
-3.881618008017539978e-02
-1.055570021271705627e-01
1.058653146028518677e-01
1.753240078687667847e-01
1.015733331441879272e-01
1.138613522052764893e-01
1.068859323859214783e-01
3.529933691024780273e-01
-6.414780020713806152e-02
-6.058160215616226196e-03
-2.970622479915618896e-01
1.018321663141250610e-01
4.587213695049285889e-02
3.666424751281738281e-02
8.508896082639694214e-02
1.601809263229370117e-01
-3.739500418305397034e-02
-3.234684169292449951e-01
6.557882763445377350e-03
5.868712067604064941e-02
-1.337183266878128052e-01
-4.469123855233192444e-02
-8.904273062944412231e-02
9.461884945631027222e-02
1.448143571615219116e-01
-5.746142938733100891e-02
-1.003755256533622742e-01
9.664142876863479614e-02
-5.946679785847663879e-02
-1.058536693453788757e-01
-2.158788740634918213e-01
-1.032805293798446655e-01
-6.168338283896446228e-02
-7.949497550725936890e-02
-1.465135067701339722e-01
6.078653410077095032e-02
-1.728468239307403564e-01
-5.390749126672744751e-02
-7.487722486257553101e-02
-1.302074640989303589e-01
1.001530438661575317e-01
-1.014341115951538086e-01
1.841795742511749268e-01
-1.948979496955871582e-02
-7.485774159431457520e-02
7.936511188745498657e-02
-5.574296042323112488e-02
1.198680326342582703e-01
-5.648339167237281799e-02
3.050382435321807861e-02
-5.159217864274978638e-02
8.464348316192626953e-02
1.167876496911048889e-01
