2.229989878833293915e-02
3.593144118785858154e-01
8.230017125606536865e-02
-2.209685593843460083e-01
7.023458182811737061e-02
6.291769444942474365e-02
-1.188114732503890991e-01
1.159710139036178589e-01
5.418184399604797363e-01
1.913356482982635498e-01
1.379537433385848999e-01
-1.406852155923843384e-01
1.140144020318984985e-01
1.570999473333358765e-01
-2.371274530887603760e-01
-2.109052389860153198e-01
3.011557161808013916e-01
2.443915978074073792e-02
-2.506879866123199463e-01
-2.109767645597457886e-01
1.872601807117462158e-01
3.500613570213317871e-02
-2.466893196105957031e-02
7.361684739589691162e-02
-1.533085703849792480e-01
-1.294907033443450928e-01
-3.011227846145629883e-01
-1.041343957185745239e-01
1.147450692951679230e-02
2.859590053558349609e-01
-1.315715536475181580e-02
6.064197793602943420e-02
3.519081473350524902e-01
2.924240231513977051e-01
-4.573993086814880371e-01
-2.284446358680725098e-01
-1.264225542545318604e-01
3.791272938251495361e-01
-3.343071043491363525e-02
2.552796602249145508e-01
-1.398667544126510620e-01
3.133689165115356445e-01
1.758379340171813965e-01
4.405499622225761414e-02
1.969506591558456421e-02
3.718939051032066345e-02
1.838821023702621460e-01
-2.962176203727722168e-01
-9.219591319561004639e-02
-6.843803822994232178e-02
-3.724520206451416016e-01
1.661068350076675415e-01
-2.621383965015411377e-01
-2.971806824207305908e-01
4.754460602998733521e-02
3.185853660106658936e-01
-1.603716760873794556e-01
-7.888963818550109863e-02
-5.978467464447021484e-01
-2.652765624225139618e-02
2.419577687978744507e-01
1.603116393089294434e-01
1.910208463668823242e-01
9.859349578619003296e-03
-1.975352503359317780e-02
-1.248849332332611084e-01
9.303626418113708496e-02
1.067873090505599976e-01
2.038775980472564697e-01
4.638923332095146179e-03
2.432530373334884644e-01
1.460094302892684937e-01
5.951169505715370178e-02
2.400888800621032715e-01
4.522661864757537842e-02
-1.428048685193061829e-02
-1.877616718411445618e-02
-3.063048720359802246e-01
1.970627605915069580e-01
2.344778031110763550e-01
1.366302818059921265e-01
1.209869235754013062e-01
-3.013052940368652344e-01
-4.996861517429351807e-02
-5.800516903400421143e-02
2.556937336921691895e-01
2.941019535064697266e-01
-2.793742716312408447e-01
-1.996205300092697144e-01
3.947825729846954346e-01
-4.811684191226959229e-01
1.579858064651489258e-01
-1.161997579038143158e-02
1.931897252798080444e-01
3.458879888057708740e-01
-8.580057322978973389e-02
-1.140129268169403076e-01
-2.639017701148986816e-01
-3.859218358993530273e-01
4.132625460624694824e-01
