-1.393419504165649414e-01
9.897574782371520996e-02
-4.116924107074737549e-02
1.019748672842979431e-01
2.016721218824386597e-01
-4.920949041843414307e-02
-1.784472167491912842e-01
-1.069793552160263062e-01
-1.041368395090103149e-01
3.903923928737640381e-02
-3.154063597321510315e-02
3.132433071732521057e-02
-2.034252882003784180e-02
1.799715906381607056e-01
-5.288100242614746094e-02
1.104774475097656250e-01
-7.619307935237884521e-02
4.136227816343307495e-02
-1.686228811740875244e-02
5.352268368005752563e-02
1.143222302198410034e-01
2.095639109611511230e-01
-1.847050189971923828e-01
2.476601004600524902e-01
2.400286495685577393e-02
4.660666733980178833e-02
9.959729015827178955e-02
1.456452906131744385e-01
-1.217875629663467407e-01
1.352636665105819702e-01
-1.917647272348403931e-01
-1.048272550106048584e-01
5.211546272039413452e-02
-6.422661244869232178e-02
1.671006828546524048e-01
8.607460558414459229e-02
2.682852745056152344e-01
6.870010495185852051e-02
1.132289394736289978e-01
1.809294372797012329e-01
-1.357888728380203247e-01
1.712089776992797852e-01
1.184014081954956055e-01
1.867179721593856812e-01
3.792996704578399658e-02
6.088559329509735107e-02
-5.061321705579757690e-02
5.452784523367881775e-02
1.148936823010444641e-01
-7.292364537715911865e-02
-4.134066402912139893e-04
-1.643336713314056396e-01
-8.930778503417968750e-02
-5.542545020580291748e-02
-3.011573106050491333e-02
1.915399730205535889e-01
8.531162142753601074e-02
1.347582638263702393e-01
-1.003335565328598022e-01
1.823804080486297607e-01
-1.931658983230590820e-01
4.481106251478195190e-02
-1.774113774299621582e-01
-7.312182337045669556e-02
1.116210892796516418e-01
-1.681278496980667114e-01
4.458155855536460876e-02
1.331540383398532867e-02
-3.444468080997467041e-01
1.916952431201934814e-01
-2.282087877392768860e-02
-1.357675641775131226e-01
-1.169870793819427490e-01
1.106125712394714355e-01
5.079547315835952759e-02
4.405913129448890686e-02
-7.729693502187728882e-02
1.830899715423583984e-01
-6.738817691802978516e-02
-2.477160096168518066e-02
-8.360528945922851562e-02
-2.985099256038665771e-01
6.692060828208923340e-02
9.023466706275939941e-02
-6.696051359176635742e-02
-4.417924582958221436e-02
7.044950127601623535e-02
-1.402377784252166748e-01
-1.456036716699600220e-01
9.546007215976715088e-02
-1.870947331190109253e-02
-5.933143198490142822e-02
8.656692504882812500e-02
1.376870870590209961e-01
-8.140347152948379517e-02
6.746356189250946045e-02
-1.630897223949432373e-01
7.229041308164596558e-02
6.558278203010559082e-02
3.634595498442649841e-02
