4.383530840277671814e-02
2.258812785148620605e-01
1.019485816359519958e-01
1.544727683067321777e-01
-4.236489534378051758e-02
3.570433333516120911e-02
-6.951196491718292236e-02
-3.999908268451690674e-02
-8.552949875593185425e-02
2.225877251476049423e-03
-2.588217705488204956e-02
-1.249808147549629211e-01
-3.812361508607864380e-02
-1.976920664310455322e-01
1.637925356626510620e-01
-8.582927286624908447e-02
5.326055735349655151e-02
-3.753949329257011414e-02
1.639150083065032959e-01
3.383200615644454956e-02
1.222230419516563416e-01
-4.852801933884620667e-02
2.203552573919296265e-01
1.339477021247148514e-03
-4.289897531270980835e-02
2.441875785589218140e-01
-2.643557190895080566e-01
-2.316915392875671387e-01
3.484489023685455322e-01
-1.409777551889419556e-01
-1.311479955911636353e-01
2.244428545236587524e-01
2.563981413841247559e-01
-1.537890881299972534e-01
7.303228974342346191e-02
-2.751313149929046631e-02
2.583303116261959076e-02
5.966523662209510803e-02
-1.282109022140502930e-01
-1.974178552627563477e-01
1.920720189809799194e-02
-7.344002276659011841e-02
-7.895607501268386841e-02
-1.058227941393852234e-01
-5.216847062110900879e-01
1.886480748653411865e-01
-6.583241373300552368e-02
1.830917783081531525e-02
1.639444977045059204e-01
8.209657669067382812e-02
1.386459320783615112e-01
-2.660359740257263184e-01
-2.652139067649841309e-01
5.321879312396049500e-02
6.731688976287841797e-02
1.281262375414371490e-04
1.302828826010227203e-02
-9.641393274068832397e-02
-1.348533183336257935e-01
-7.971552759408950806e-02
-1.210651621222496033e-01
-1.014541611075401306e-01
7.240056991577148438e-02
3.371563274413347244e-03
-4.926800727844238281e-02
5.479377135634422302e-02
1.654033213853836060e-01
-1.307817101478576660e-01
6.887188553810119629e-02
-1.920827925205230713e-01
-1.893799453973770142e-01
3.422492146492004395e-01
8.628474920988082886e-02
-6.018618587404489517e-03
1.409280113875865936e-02
2.214750647544860840e-01
4.847043752670288086e-02
1.859302520751953125e-01
-2.066711038351058960e-01
-7.659209519624710083e-02
-6.431289762258529663e-02
-1.883574761450290680e-02
1.661656200885772705e-01
-1.363079398870468140e-01
5.378650501370429993e-02
1.454871147871017456e-01
-2.158505916595458984e-01
1.444132626056671143e-01
-4.346745461225509644e-02
1.394808590412139893e-01
1.041543856263160706e-02
-1.381784230470657349e-01
1.060160249471664429e-01
1.874484680593013763e-02
4.339403659105300903e-02
-1.865388080477714539e-02
1.158977672457695007e-02
3.219957649707794189e-02
-1.661933511495590210e-01
5.533998832106590271e-02
