-1.558887027204036713e-02
-1.359126269817352295e-01
1.323114037513732910e-01
-2.057312279939651489e-01
-2.028831392526626587e-01
9.439224004745483398e-02
1.809727400541305542e-01
1.636921018362045288e-01
-2.645419836044311523e-01
-1.719758063554763794e-01
-2.755516767501831055e-01
-5.682298541069030762e-02
1.558349728584289551e-01
1.565218865871429443e-01
1.259187161922454834e-01
1.038559749722480774e-01
1.193553730845451355e-01
-1.104321181774139404e-01
-1.239792071282863617e-02
-5.188061669468879700e-02
3.952139522880315781e-03
3.818844258785247803e-02
-2.733118534088134766e-01
-9.922028332948684692e-02
1.238886788487434387e-01
-1.655163913965225220e-01
-2.537302374839782715e-01
2.449691742658615112e-01
1.974706351757049561e-01
-1.902706623077392578e-01
1.096217408776283264e-01
1.772353053092956543e-01
-1.507194340229034424e-01
-1.994660943746566772e-01
-6.588375568389892578e-02
3.240024149417877197e-01
-1.374070048332214355e-01
-4.913030657917261124e-03
-2.602493166923522949e-01
1.289347857236862183e-01
1.331316083669662476e-01
3.724256157875061035e-01
-1.852923631668090820e-01
-2.008894979953765869e-01
-1.019957475364208221e-02
9.088891744613647461e-02
-4.246009588241577148e-01
1.505325287580490112e-01
-8.022307604551315308e-02
-2.819018363952636719e-01
1.098319664597511292e-01
-1.538783609867095947e-01
-1.008533462882041931e-01
-1.764593124389648438e-01
2.860510535538196564e-02
-3.564514219760894775e-02
3.394865896552801132e-03
-1.988619863986968994e-01
1.366649121046066284e-01
-8.246513456106185913e-02
1.649945974349975586e-01
1.097832769155502319e-01
-7.517322897911071777e-02
3.086742460727691650e-01
-7.446636259555816650e-02
-1.677035540342330933e-01
-6.818782538175582886e-02
-1.290324330329895020e-01
3.647165894508361816e-01
-1.663473099470138550e-01
2.686222791671752930e-01
-1.173968464136123657e-01
-1.571405977010726929e-01
1.210559234023094177e-01
1.681460440158843994e-01
3.100435733795166016e-01
3.671461343765258789e-02
-9.322091192007064819e-02
-5.261372029781341553e-02
-3.589750826358795166e-02
3.915628045797348022e-02
2.381285130977630615e-01
2.794522941112518311e-01
-7.311021536588668823e-02
-1.778059303760528564e-01
1.113353520631790161e-01
1.153693869709968567e-01
-9.271142631769180298e-02
-2.442906983196735382e-02
-5.999414622783660889e-02
1.654265075922012329e-01
-1.522715687751770020e-01
-3.228712081909179688e-02
-7.783657312393188477e-02
-5.399515479803085327e-02
1.265347599983215332e-01
-2.567311823368072510e-01
-1.446196734905242920e-01
-1.779872477054595947e-01
9.133324772119522095e-02
