4.359405487775802612e-02
-2.814239822328090668e-03
-1.162332668900489807e-01
-7.507428526878356934e-02
-6.302526593208312988e-02
3.348386660218238831e-02
-9.744475781917572021e-02
-5.215959623456001282e-02
5.902053415775299072e-02
-1.434371173381805420e-01
1.500293612480163574e-01
-3.126317635178565979e-02
-2.190341055393218994e-02
-2.259556204080581665e-03
-2.182913944125175476e-02
1.723431050777435303e-02
3.287482261657714844e-02
2.017982602119445801e-01
9.157747961580753326e-03
2.447106242179870605e-01
2.168311476707458496e-01
-3.591404259204864502e-01
-7.338869571685791016e-02
7.376637775450944901e-03
-1.659556776285171509e-01
2.389220520853996277e-03
1.530190277844667435e-02
1.104322448372840881e-01
1.396005786955356598e-02
1.095971092581748962e-04
9.125693887472152710e-02
4.177626594901084900e-02
1.288025975227355957e-01
1.808760762214660645e-01
-1.111851707100868225e-01
-5.760428309440612793e-02
1.986903548240661621e-01
-1.415652334690093994e-01
-7.723979651927947998e-02
1.776339560747146606e-01
-7.744706422090530396e-02
-2.239486873149871826e-01
-1.680380702018737793e-01
8.782874792814254761e-02
-7.462984323501586914e-02
-3.846457600593566895e-02
-6.840387359261512756e-04
-2.816009819507598877e-01
6.150371208786964417e-02
7.055845856666564941e-02
8.544142358005046844e-03
1.074630916118621826e-01
-2.924707904458045959e-02
-1.729020625352859497e-01
2.362267374992370605e-01
-5.731222033500671387e-02
-1.238196939229965210e-01
2.789976075291633606e-02
1.134018748998641968e-01
8.635798841714859009e-02
4.174024984240531921e-02
-2.001636922359466553e-01
1.711638867855072021e-01
-1.005960777401924133e-01
-1.646227091550827026e-01
9.467382729053497314e-02
-2.309097349643707275e-01
2.299358695745468140e-02
-3.044585138559341431e-02
-9.518910199403762817e-02
-2.043571025133132935e-01
4.191570356488227844e-02
1.024069488048553467e-01
-1.714175045490264893e-01
-5.633147433400154114e-02
-5.916616879403591156e-03
8.325354754924774170e-02
1.309887617826461792e-01
2.085753902792930603e-02
1.075726300477981567e-01
-2.517663687467575073e-02
-5.263175442814826965e-02
-1.079899370670318604e-01
8.150829374790191650e-02
7.492538541555404663e-02
-1.081622913479804993e-01
-1.455418467521667480e-01
1.467095613479614258e-01
4.453954100608825684e-02
2.468052133917808533e-02
4.218748211860656738e-02
3.806793689727783203e-02
-3.541379049420356750e-02
-7.752382755279541016e-02
2.470848858356475830e-01
-5.457229539752006531e-02
-8.417052030563354492e-02
1.788991540670394897e-01
3.549432754516601562e-02
-7.587204873561859131e-02
