-1.105569023638963699e-02
-4.939290583133697510e-01
7.958646863698959351e-02
1.767140775918960571e-01
1.784429550170898438e-01
-2.151923328638076782e-01
1.625072211027145386e-01
-2.636484801769256592e-01
1.871567517518997192e-01
-1.734405755996704102e-02
2.544403374195098877e-01
-1.394523233175277710e-01
-9.555620700120925903e-02
-8.703590929508209229e-02
1.059095486998558044e-01
4.685366526246070862e-02
-6.805723905563354492e-02
-2.385479584336280823e-02
-1.018415242433547974e-01
-2.447365373373031616e-01
-1.828589662909507751e-02
3.338536322116851807e-01
2.129230499267578125e-01
1.892246454954147339e-01
-5.822653695940971375e-02
-7.432380318641662598e-02
2.438267618417739868e-01
-5.590317770838737488e-02
-1.368557382375001907e-02
-6.547094881534576416e-02
-1.680736429989337921e-03
1.253923624753952026e-01
2.379715591669082642e-01
2.195210009813308716e-01
-2.732126042246818542e-02
3.644948899745941162e-01
2.230274379253387451e-01
8.852002769708633423e-02
1.270959973335266113e-01
-5.829216837882995605e-01
-3.087938725948333740e-01
-1.464940905570983887e-01
-2.510851025581359863e-01
5.033049359917640686e-02
2.590877115726470947e-01
1.095648258924484253e-01
-2.799579128623008728e-02
1.124157160520553589e-01
2.256347686052322388e-01
-1.219167113304138184e-01
-2.360251098871231079e-01
-3.000586628913879395e-01
-3.141642212867736816e-01
8.984966576099395752e-02
-2.637107670307159424e-01
-5.318519845604896545e-02
1.062218174338340759e-01
7.068195194005966187e-02
9.928062558174133301e-02
3.853003382682800293e-01
1.246771365404129028e-01
1.147947460412979126e-01
1.286599785089492798e-01
-4.189492464065551758e-01
-2.296354621648788452e-01
-1.035611033439636230e-01
2.227144986391067505e-01
1.131909787654876709e-01
-2.232252508401870728e-01
2.027983665466308594e-01
5.316639319062232971e-02
1.084427759051322937e-01
7.747052609920501709e-02
-1.309156268835067749e-01
-1.506752520799636841e-01
7.030452787876129150e-02
3.322072923183441162e-01
3.625989854335784912e-01
1.075405776500701904e-01
1.164405271410942078e-01
-1.409919261932373047e-01
1.117131188511848450e-01
-1.999324262142181396e-01
2.002085000276565552e-01
9.474627673625946045e-02
-5.044102296233177185e-02
1.678562760353088379e-01
9.425734728574752808e-02
-3.353887796401977539e-01
1.140601467341184616e-02
2.210128754377365112e-01
7.577063143253326416e-02
-1.792337894439697266e-01
3.324411213397979736e-01
2.028160840272903442e-01
3.076591193675994873e-01
-2.715052664279937744e-01
-2.195657640695571899e-01
-2.756235897541046143e-01
1.449087411165237427e-01
