7.825881242752075195e-02
-1.873413324356079102e-01
1.644019633531570435e-01
-8.072908967733383179e-02
-2.623031735420227051e-01
1.834141761064529419e-01
2.143773734569549561e-01
2.616658210754394531e-01
8.946206420660018921e-02
8.693341910839080811e-02
-1.214714199304580688e-01
1.792788356542587280e-01
-1.334225833415985107e-01
3.595349192619323730e-01
1.028407067060470581e-01
-1.663028299808502197e-01
1.297927200794219971e-01
1.105639114975929260e-01
5.459905043244361877e-02
-8.428863435983657837e-02
-3.566910028457641602e-01
2.519948780536651611e-01
-1.582100801169872284e-02
1.494309306144714355e-01
1.790644377470016479e-01
-1.385797262191772461e-01
-2.788293659687042236e-01
-1.153803989291191101e-01
2.293303012847900391e-01
6.854793429374694824e-02
-2.723920345306396484e-01
1.767892241477966309e-01
1.968874484300613403e-01
9.134828299283981323e-02
1.866561323404312134e-01
2.780343592166900635e-01
-6.220932304859161377e-02
-7.229532301425933838e-02
-8.872713148593902588e-02
-2.692195177078247070e-01
3.342455625534057617e-02
4.752497002482414246e-02
2.791553363204002380e-02
2.612886130809783936e-01
-1.783717125654220581e-01
-7.783770561218261719e-02
-1.463281214237213135e-01
2.929891645908355713e-01
-2.365499883890151978e-01
5.892769247293472290e-02
2.092563360929489136e-01
3.979543596506118774e-02
5.727729946374893188e-02
1.848769485950469971e-01
-8.371622860431671143e-02
7.453579455614089966e-02
3.342311382293701172e-01
-1.551941633224487305e-01
-4.733806550502777100e-01
1.903685927391052246e-01
-3.938974067568778992e-02
-1.956809312105178833e-02
2.663867548108100891e-02
7.620473951101303101e-02
-1.446758806705474854e-01
2.405783906579017639e-02
-4.065896868705749512e-01
-4.195512458682060242e-02
1.746999025344848633e-01
2.238093316555023193e-01
-1.338671892881393433e-01
1.075683832168579102e-01
3.473343327641487122e-02
3.265532255172729492e-01
-1.293154954910278320e-01
-1.137690171599388123e-01
1.365915238857269287e-01
-4.593404829502105713e-01
-8.938519656658172607e-02
-1.008498817682266235e-01
-1.703921854496002197e-01
3.014613389968872070e-01
-1.925476044416427612e-01
-1.874527633190155029e-01
1.290394663810729980e-01
-4.512669146060943604e-02
1.314780861139297485e-01
1.996354162693023682e-01
1.471685767173767090e-01
-1.545621752738952637e-01
1.820323169231414795e-01
2.735703065991401672e-02
-1.488877683877944946e-01
-4.504941701889038086e-01
-4.387449920177459717e-01
2.585159242153167725e-01
5.910871922969818115e-02
1.863979399204254150e-01
2.887888550758361816e-01
8.291028439998626709e-02
