-2.594342269003391266e-02
2.134995609521865845e-01
-8.918952196836471558e-02
1.067524701356887817e-01
-2.407730072736740112e-01
1.424365043640136719e-01
-4.319773986935615540e-03
-1.095667108893394470e-01
8.867578208446502686e-02
-6.814204156398773193e-02
8.614528179168701172e-02
2.855415940284729004e-01
4.333454370498657227e-02
1.544833332300186157e-01
1.835070997476577759e-01
-3.094559349119663239e-02
-1.800866574048995972e-01
3.716173022985458374e-02
-1.406546384096145630e-01
5.450685322284698486e-02
-1.348661780357360840e-01
8.201496303081512451e-02
-1.548376977443695068e-01
-1.264448314905166626e-01
9.816414117813110352e-02
1.088751666247844696e-02
-2.250534594058990479e-01
3.488268703222274780e-02
-2.354091107845306396e-01
-6.922818720340728760e-02
7.985905557870864868e-02
-3.977239876985549927e-02
-9.190135449171066284e-02
-4.510141909122467041e-02
-1.719753891229629517e-01
-7.773222401738166809e-03
-1.266485750675201416e-01
-1.040867641568183899e-01
1.572102457284927368e-01
1.994788944721221924e-01
7.161770761013031006e-02
-5.482409894466400146e-02
1.532347500324249268e-01
7.215303182601928711e-02
-6.095628440380096436e-02
-5.351351574063301086e-03
-1.213352754712104797e-01
-1.136887148022651672e-01
1.394867748022079468e-01
1.836480945348739624e-01
-1.687263138592243195e-02
-9.797430783510208130e-02
9.832526743412017822e-02
-6.491234153509140015e-02
-1.913212835788726807e-01
-5.856186896562576294e-02
-2.548004984855651855e-01
-1.600370854139328003e-01
3.511492908000946045e-01
1.222415864467620850e-01
-2.022877484560012817e-01
-2.573012746870517731e-02
3.424707949161529541e-01
3.196796402335166931e-03
1.821296215057373047e-01
2.333312295377254486e-02
-9.561572223901748657e-04
-2.581444084644317627e-01
1.430471800267696381e-02
-1.928796321153640747e-01
-1.429514437913894653e-01
3.662382066249847412e-02
2.230235487222671509e-01
-9.767854586243629456e-03
8.737480640411376953e-02
2.442607842385768890e-02
-2.678405679762363434e-02
-1.754252612590789795e-01
2.605317533016204834e-01
7.226546108722686768e-02
-4.460597038269042969e-02
-1.249219775199890137e-01
-2.323550917208194733e-02
1.322702877223491669e-02
7.970386743545532227e-02
-2.800266444683074951e-01
2.020437568426132202e-01
2.325957268476486206e-01
-1.591829657554626465e-01
-3.994949162006378174e-02
1.094944775104522705e-01
1.944589465856552124e-01
1.003110036253929138e-01
-2.021254971623420715e-03
6.205123662948608398e-02
2.730525098741054535e-02
1.870474368333816528e-01
1.102344393730163574e-01
2.389283925294876099e-01
4.920234903693199158e-03
