9.671761840581893921e-02
2.732900530099868774e-02
9.671761840581893921e-02
-1.101156234741210938e+00
-8.830192685127258301e-01
-3.235651254653930664e-01
-8.808591961860656738e-01
-6.959871202707290649e-02
-2.510167956352233887e-01
-4.122302830219268799e-01
9.671761840581893921e-02
-2.171146273612976074e-01
9.671761840581893921e-02
-1.742273867130279541e-01
-4.011346995830535889e-01
-6.794487684965133667e-02
-1.545324027538299561e-01
9.671761840581893921e-02
-5.107314586639404297e-01
-3.483918607234954834e-01
9.671761840581893921e-02
9.671761840581893921e-02
-6.449323296546936035e-01
9.671761840581893921e-02
9.671761840581893921e-02
9.671761840581893921e-02
9.671761840581893921e-02
7.252089679241180420e-02
-1.982007920742034912e-01
-6.129581481218338013e-02
9.671761840581893921e-02
-4.924089014530181885e-01
-3.729456365108489990e-01
9.671761840581893921e-02
-7.931736111640930176e-01
9.671761840581893921e-02
-2.924153506755828857e-01
-4.192701876163482666e-01
9.671761840581893921e-02
9.671761840581893921e-02
2.394356578588485718e-02
9.671761840581893921e-02
9.671761840581893921e-02
-1.001807823777198792e-01
9.671761840581893921e-02
9.671761840581893921e-02
-6.140298396348953247e-02
9.671761840581893921e-02
9.671761840581893921e-02
9.671761840581893921e-02
9.671761840581893921e-02
9.671761840581893921e-02
5.234873667359352112e-02
9.671761840581893921e-02
9.671761840581893921e-02
-4.643934071063995361e-01
-5.409467816352844238e-01
-7.657197117805480957e-01
9.671761840581893921e-02
-9.870634078979492188e-01
9.671761840581893921e-02
-5.308774709701538086e-01
9.671761840581893921e-02
-5.651401281356811523e-01
9.671761840581893921e-02
9.671761840581893921e-02
9.671761840581893921e-02
9.671761840581893921e-02
9.671761840581893921e-02
9.671761840581893921e-02
-2.177644968032836914e-01
9.671761840581893921e-02
9.671761840581893921e-02
1.580256223678588867e-02
9.671761840581893921e-02
9.671761840581893921e-02
-6.120390892028808594e-01
9.671761840581893921e-02
9.671761840581893921e-02
-4.289236962795257568e-01
9.671761840581893921e-02
9.671761840581893921e-02
9.671761840581893921e-02
-3.188082575798034668e-01
-4.458370059728622437e-02
-3.698100447654724121e-01
9.671761840581893921e-02
-5.936674028635025024e-02
9.671761840581893921e-02
9.671761840581893921e-02
9.671761840581893921e-02
9.671761840581893921e-02
-2.223224043846130371e-01
-9.243297576904296875e-01
-7.732905447483062744e-03
9.671761840581893921e-02
-1.684463918209075928e-01
-2.757789790630340576e-01
9.671761840581893921e-02
9.671761840581893921e-02
