1.244579777121543884e-01
1.375694759190082550e-02
1.764437742531299591e-02
-3.263411670923233032e-02
9.987696260213851929e-02
-1.694912090897560120e-03
-6.557929515838623047e-02
-9.146375209093093872e-02
4.687765240669250488e-02
4.693511873483657837e-04
-6.671056151390075684e-02
-5.375751107931137085e-02
-8.659741282463073730e-02
-5.836406350135803223e-02
-9.134387224912643433e-02
-3.754392266273498535e-02
3.039119839668273926e-01
-4.143826663494110107e-05
1.778341978788375854e-01
-1.225263327360153198e-01
1.826334595680236816e-01
2.661363780498504639e-01
-3.275446593761444092e-02
7.189916819334030151e-02
7.431602478027343750e-02
1.480987519025802612e-01
-7.186491787433624268e-02
-1.086726933717727661e-01
7.552462816238403320e-02
3.222732245922088623e-02
-1.819689124822616577e-01
-6.274761632084846497e-03
-1.493299603462219238e-01
-1.622194498777389526e-01
1.542849279940128326e-02
-1.764257103204727173e-01
1.115735322237014771e-01
-2.074988782405853271e-01
1.047861352562904358e-01
-3.005353212356567383e-01
1.540356688201427460e-02
9.825732558965682983e-02
-1.532540656626224518e-02
2.588808536529541016e-01
-5.482471734285354614e-02
-1.362212598323822021e-01
-3.424319624900817871e-02
2.460212260484695435e-01
4.554628580808639526e-02
-4.541993141174316406e-02
1.787748374044895172e-02
2.382648736238479614e-01
4.370058327913284302e-02
-2.418631687760353088e-03
2.771032974123954773e-03
-1.138830706477165222e-01
1.909494847059249878e-01
3.060883097350597382e-02
-5.095305293798446655e-02
4.610715061426162720e-02
7.888101786375045776e-02
-1.019259393215179443e-01
9.330362826585769653e-02
1.233426854014396667e-01
-7.804308086633682251e-02
7.803251966834068298e-03
-8.076234906911849976e-02
1.497084051370620728e-01
2.183702737092971802e-01
5.584118515253067017e-02
-1.817716509103775024e-01
-1.012743040919303894e-01
-3.215543627738952637e-01
-2.432338595390319824e-01
7.924553006887435913e-02
-1.550844162702560425e-01
1.192999780178070068e-01
-1.225994899868965149e-03
1.114583835005760193e-01
2.206511348485946655e-01
1.496346592903137207e-01
-1.288771778345108032e-01
1.368813067674636841e-01
8.472301810979843140e-02
-5.534725636243820190e-02
-1.673763804137706757e-02
-1.304595172405242920e-01
-1.079598963260650635e-01
1.030604019761085510e-01
-6.256447732448577881e-02
3.586114943027496338e-02
1.611957401037216187e-01
-2.630155719816684723e-02
5.498430132865905762e-02
-5.004692822694778442e-02
-1.292746514081954956e-01
-3.148056566715240479e-05
-1.869629621505737305e-01
-1.337418407201766968e-01
-1.286240667104721069e-01
