3.420424461364746094e-02
-2.285203486680984497e-01
-7.330171018838882446e-02
-1.364806294441223145e-01
-2.749519944190979004e-01
-2.779292464256286621e-01
-5.759963393211364746e-02
2.047234475612640381e-01
1.569341719150543213e-01
2.259441465139389038e-01
-2.599179148674011230e-01
-8.910040557384490967e-02
-1.869127303361892700e-01
5.464412644505500793e-02
-6.768088042736053467e-02
3.518438339233398438e-02
-3.724583387374877930e-01
-1.602901220321655273e-01
-4.692774638533592224e-02
9.745880216360092163e-02
-7.860652357339859009e-02
-1.846285313367843628e-01
3.096500635147094727e-01
1.446486413478851318e-01
-2.646495997905731201e-01
-1.991002410650253296e-01
-5.195105820894241333e-02
1.081783473491668701e-01
-8.753921836614608765e-02
5.554049089550971985e-02
3.667780756950378418e-02
2.776652015745639801e-02
-1.010872721672058105e-01
-4.234454631805419922e-01
1.593258827924728394e-01
-3.730914369225502014e-02
-2.861346006393432617e-01
-2.146055698394775391e-01
-1.770039200782775879e-01
1.224758401513099670e-01
2.271845787763595581e-01
3.577544987201690674e-01
-9.234454482793807983e-02
2.642714381217956543e-01
1.134286373853683472e-01
1.464275866746902466e-01
-1.403756290674209595e-01
2.125627100467681885e-01
-2.225747890770435333e-02
2.282477766275405884e-01
-2.763384580612182617e-01
-1.216962262988090515e-01
1.854727864265441895e-01
4.632671773433685303e-01
-2.398156970739364624e-01
3.358169198036193848e-01
1.807464659214019775e-01
5.351486206054687500e-01
-7.349467370659112930e-03
-2.808747291564941406e-01
1.608116328716278076e-01
2.740932703018188477e-01
-8.859506808221340179e-03
-1.328910589218139648e-01
-5.352405905723571777e-01
1.058304682374000549e-01
1.773327291011810303e-01
-2.603474259376525879e-01
2.095918059349060059e-01
6.962926592677831650e-03
2.659173496067523956e-02
-5.677318572998046875e-02
-4.973281323909759521e-01
1.478175371885299683e-01
2.699023187160491943e-01
-6.429335474967956543e-02
-1.966738514602184296e-02
-4.362273216247558594e-02
4.038725420832633972e-02
-3.466332554817199707e-01
2.763617932796478271e-01
-1.093763764947652817e-02
-9.093667566776275635e-02
-3.217297792434692383e-01
7.158584147691726685e-02
2.010273560881614685e-02
-2.234787344932556152e-01
2.202198654413223267e-01
3.310882449150085449e-01
2.802059054374694824e-01
4.137200117111206055e-02
-6.144771724939346313e-02
-2.447084933519363403e-01
1.536225974559783936e-01
-1.035904213786125183e-01
-3.410011231899261475e-01
-1.213346794247627258e-01
1.695801913738250732e-01
1.851129978895187378e-01
2.127087414264678955e-01
