1.899786740541458130e-01
5.891226232051849365e-02
-7.662901282310485840e-02
1.749466359615325928e-01
2.586302459239959717e-01
-6.927209347486495972e-02
-9.382403641939163208e-02
-7.521852850914001465e-02
1.663544178009033203e-01
-1.121188327670097351e-01
7.883083820343017578e-02
-9.939368814229965210e-03
-6.832514703273773193e-02
1.692502796649932861e-01
2.005058377981185913e-01
-5.900180339813232422e-02
-1.554504781961441040e-01
1.874507218599319458e-01
7.017379254102706909e-02
-8.088336139917373657e-02
2.934513613581657410e-03
-1.277548372745513916e-01
-9.685897827148437500e-02
-1.543636322021484375e-01
1.427463069558143616e-02
-1.965581029653549194e-01
2.452501803636550903e-01
2.827962636947631836e-01
-5.663017928600311279e-02
3.743984270840883255e-03
5.857401341199874878e-02
-8.353964239358901978e-02
-6.779351085424423218e-02
-1.110711395740509033e-01
1.587248593568801880e-01
3.080661408603191376e-02
1.498649865388870239e-01
4.952550679445266724e-02
-9.087263792753219604e-02
9.228457510471343994e-02
-4.850950837135314941e-02
-2.721447125077247620e-02
-6.134410202503204346e-02
-8.597492426633834839e-02
9.010595083236694336e-02
-9.929663687944412231e-02
-3.128407523036003113e-02
7.805772870779037476e-02
3.400013595819473267e-02
2.775061428546905518e-01
-5.779499560594558716e-02
-2.166564315557479858e-01
-2.116861343383789062e-01
-9.840383380651473999e-02
-9.624494239687919617e-03
8.748219162225723267e-02
-8.795102685689926147e-02
-6.585524976253509521e-02
1.233603209257125854e-01
2.226153463125228882e-01
-9.330012649297714233e-02
1.444400101900100708e-01
1.577163487672805786e-01
-9.174877777695655823e-03
1.531835645437240601e-01
4.394167661666870117e-02
-8.526545017957687378e-02
7.684110850095748901e-02
6.732799112796783447e-02
9.736212342977523804e-02
-4.039996862411499023e-02
-1.573615074157714844e-01
-7.771410048007965088e-02
-5.676984041929244995e-02
-3.265112265944480896e-02
-4.617906361818313599e-02
1.175379157066345215e-01
-1.916370689868927002e-01
-7.732490450143814087e-02
3.889627754688262939e-02
6.032212078571319580e-02
-1.702813506126403809e-01
-2.169014364480972290e-01
9.981274604797363281e-02
-3.039391525089740753e-02
3.682605177164077759e-02
-3.501554951071739197e-03
-2.026155591011047363e-03
-1.455798298120498657e-01
-1.215295121073722839e-01
-1.319350004196166992e-01
2.509731054306030273e-01
-9.154119342565536499e-02
-3.328444063663482666e-01
2.542206458747386932e-02
-9.172631055116653442e-02
-1.793998926877975464e-01
-1.315512321889400482e-02
-3.599270433187484741e-02
-1.784549281001091003e-02
