-1.006004363298416138e-01
2.005933374166488647e-01
2.625292837619781494e-01
-6.324200332164764404e-02
1.024381518363952637e-01
-2.888051867485046387e-01
-2.190826646983623505e-02
2.200534492731094360e-01
1.589405983686447144e-01
5.601951479911804199e-01
-1.111257076263427734e-01
-1.356515139341354370e-01
5.955739021301269531e-01
-2.605160176753997803e-01
-1.808868497610092163e-01
2.568711042404174805e-01
3.411156833171844482e-01
2.331358380615711212e-02
-3.248607739806175232e-02
6.423067450523376465e-01
1.193386912345886230e-01
3.576087653636932373e-01
-1.292140036821365356e-01
-2.823480069637298584e-01
3.570404350757598877e-01
1.708214730024337769e-01
3.263559639453887939e-01
1.854347735643386841e-01
1.654779762029647827e-01
-2.306548207998275757e-01
-5.763357505202293396e-02
2.391129136085510254e-01
3.453350439667701721e-02
5.471914410591125488e-01
-3.652673363685607910e-01
3.857769444584846497e-02
-4.903204366564750671e-02
5.507062077522277832e-01
-2.953242957592010498e-01
-2.570215165615081787e-01
2.284626215696334839e-01
-8.498197793960571289e-02
1.459338050335645676e-02
-1.521435100585222244e-02
1.641207188367843628e-01
5.133437458425760269e-03
3.356039226055145264e-01
-2.934317290782928467e-01
-3.842738568782806396e-01
-2.769511342048645020e-01
-1.323385983705520630e-01
-4.421042203903198242e-01
-2.974948287010192871e-01
2.826605737209320068e-01
-3.759325742721557617e-01
2.392240054905414581e-02
-3.977119624614715576e-01
-2.662865519523620605e-01
-2.365313321352005005e-01
1.292019933462142944e-01
-3.146050497889518738e-02
-4.478916153311729431e-02
-3.725078999996185303e-01
-1.283025294542312622e-01
1.361648887395858765e-01
3.592490255832672119e-01
1.502665132284164429e-01
2.943437993526458740e-01
3.191364705562591553e-01
5.014754533767700195e-01
7.388722300529479980e-01
2.923881113529205322e-01
1.015227138996124268e-01
-3.352677524089813232e-01
7.620479166507720947e-02
2.029174119234085083e-01
-2.241028994321823120e-01
-3.325491547584533691e-01
-2.130500823259353638e-01
4.382772743701934814e-01
-4.152300655841827393e-01
-9.829840064048767090e-02
-1.527924537658691406e-01
2.295514196157455444e-01
-2.788251340389251709e-01
2.884216308593750000e-01
3.047376871109008789e-01
-1.417760699987411499e-01
-2.040238380432128906e-01
-1.981355547904968262e-01
2.524233460426330566e-01
-2.312012463808059692e-01
5.494194570928812027e-03
-2.495118528604507446e-01
3.886150419712066650e-01
-1.625237613916397095e-01
3.539134934544563293e-02
-4.140179753303527832e-01
6.007082387804985046e-02
-2.316420972347259521e-01
