7.574015110731124878e-02
-2.651232779026031494e-01
4.799848422408103943e-02
2.793559432029724121e-01
2.679098583757877350e-02
3.847440332174301147e-02
-1.176154613494873047e-01
7.953411340713500977e-02
1.349810659885406494e-01
2.806922607123851776e-02
-3.137334883213043213e-01
2.356377691030502319e-01
-2.668676674365997314e-01
-7.655400782823562622e-02
-2.964308299124240875e-02
1.143593713641166687e-01
1.882261782884597778e-01
-2.089325785636901855e-01
-1.060916930437088013e-01
-1.209794878959655762e-01
-3.448025509715080261e-02
2.112932316958904266e-02
2.787607610225677490e-01
-3.479775041341781616e-02
-2.005632519721984863e-01
4.571829736232757568e-02
1.311980485916137695e-01
1.256982423365116119e-02
3.554280996322631836e-01
-2.953006140887737274e-02
2.369306981563568115e-01
-1.893564164638519287e-01
-1.022489666938781738e-01
1.867557168006896973e-01
-1.173505485057830811e-01
-9.173791855573654175e-02
-5.437666550278663635e-02
1.225977912545204163e-01
1.070411428809165955e-01
9.121771156787872314e-02
1.710063666105270386e-01
2.004298865795135498e-01
-7.415752857923507690e-02
-1.342563424259424210e-03
-2.759194560348987579e-02
2.715824730694293976e-02
9.194998443126678467e-02
1.332413554191589355e-01
-3.332932293415069580e-02
1.453093290328979492e-01
-3.855561092495918274e-02
-1.480985283851623535e-01
-6.239062547683715820e-02
1.544851213693618774e-01
1.390909552574157715e-01
1.232260912656784058e-01
2.322129011154174805e-01
-1.296612173318862915e-01
1.680637747049331665e-01
2.580145895481109619e-01
-1.698965132236480713e-01
2.455627173185348511e-01
-2.141585797071456909e-01
9.563938528299331665e-02
-1.118788123130798340e-01
1.157487779855728149e-01
7.095789909362792969e-02
-2.440936565399169922e-01
-3.822874277830123901e-02
-1.837310194969177246e-01
2.639029622077941895e-01
1.481865346431732178e-01
2.651383578777313232e-01
-2.919757924973964691e-02
-2.746327817440032959e-01
1.446894258260726929e-01
1.163738369941711426e-01
-1.665070950984954834e-01
-6.360747665166854858e-02
-2.188789658248424530e-02
2.237360030412673950e-01
-1.056592240929603577e-01
1.532769203186035156e-01
2.288846522569656372e-01
-2.863996662199497223e-02
-2.159705460071563721e-01
-5.515183508396148682e-02
-4.237561021000146866e-03
-1.438353657722473145e-01
-2.974911332130432129e-01
-3.643527254462242126e-02
-2.214017957448959351e-01
1.563781052827835083e-01
-3.728064000606536865e-01
5.576021969318389893e-02
1.305261254310607910e-01
1.319645345211029053e-01
1.700764298439025879e-01
2.546359598636627197e-01
7.251437753438949585e-02
