-1.889628916978836060e-01
-4.291007220745086670e-01
9.012997150421142578e-02
-5.034720152616500854e-02
-1.514012366533279419e-01
6.074225157499313354e-02
-4.245518893003463745e-02
3.799551427364349365e-01
-1.656728386878967285e-01
1.192519813776016235e-01
-3.473566174507141113e-01
-5.131036788225173950e-02
-1.640646010637283325e-01
-3.134045600891113281e-01
2.004168778657913208e-01
-7.966192811727523804e-02
1.263047456741333008e-01
1.437792479991912842e-01
-2.050658762454986572e-01
2.715348303318023682e-01
2.785222977399826050e-02
1.524189412593841553e-01
2.049335539340972900e-01
8.443342149257659912e-02
4.339059442281723022e-02
-2.619587071239948273e-02
-1.356670111417770386e-01
9.208590537309646606e-02
-2.189823240041732788e-01
1.031636521220207214e-01
-1.225494816899299622e-01
-3.345827013254165649e-02
3.236729651689529419e-03
1.176621466875076294e-01
-4.294335842132568359e-01
9.262934327125549316e-02
-1.082071140408515930e-01
-6.718133389949798584e-02
-1.815467029809951782e-01
-3.563002049922943115e-01
2.687369287014007568e-01
2.815374433994293213e-01
-1.778770834207534790e-01
-2.276479639112949371e-02
-1.375314146280288696e-01
-1.097232848405838013e-01
1.170756816864013672e-01
-4.600629955530166626e-02
8.830218017101287842e-02
-1.559849977493286133e-01
1.456311196088790894e-01
5.914432555437088013e-02
2.026876807212829590e-02
9.727738797664642334e-03
2.670794725418090820e-01
-6.688334047794342041e-03
5.026001483201980591e-02
-5.070072412490844727e-02
2.530863583087921143e-01
2.339022904634475708e-01
-2.699327766895294189e-01
-3.566159307956695557e-01
3.189260661602020264e-01
2.375679165124893188e-01
-8.841430395841598511e-02
-2.663034759461879730e-02
9.273006767034530640e-02
-5.679004639387130737e-02
-1.289893388748168945e-01
1.244171336293220520e-01
1.522585600614547729e-01
1.347418874502182007e-03
-2.015541307628154755e-02
-2.503480575978755951e-02
5.103219300508499146e-02
-1.782523840665817261e-02
-2.208201400935649872e-02
1.455965917557477951e-02
-3.135639727115631104e-01
9.635768830776214600e-02
1.269946694374084473e-01
9.179265797138214111e-02
2.105666548013687134e-01
1.575842201709747314e-01
4.002059344202280045e-03
-5.494597554206848145e-02
-1.015597358345985413e-01
1.133656203746795654e-01
2.244925498962402344e-01
-1.235334351658821106e-01
4.246741533279418945e-02
-1.694989353418350220e-01
1.359330564737319946e-01
8.633590489625930786e-02
2.423350214958190918e-01
1.421230882406234741e-01
-9.490075707435607910e-02
-1.046372428536415100e-01
-2.613017559051513672e-01
2.659629285335540771e-01
