3.465657681226730347e-02
-1.595391184091567993e-01
6.275065243244171143e-05
1.852938383817672729e-01
-1.093420013785362244e-01
1.556016504764556885e-01
-1.080645546317100525e-01
1.158541664481163025e-01
-9.436339884996414185e-02
1.451324671506881714e-01
2.637364156544208527e-02
-6.427033990621566772e-02
6.505990028381347656e-02
4.399238526821136475e-02
-1.899977959692478180e-02
-1.935725957155227661e-01
9.506774693727493286e-02
-1.251829974353313446e-02
4.678358882665634155e-02
-1.621805578470230103e-01
1.642647236585617065e-01
1.315902769565582275e-01
-3.324975073337554932e-02
-1.106796041131019592e-01
1.168442592024803162e-01
-4.527790471911430359e-03
-9.998940676450729370e-02
-4.316285997629165649e-02
-8.831656724214553833e-02
2.117014117538928986e-02
-4.428575187921524048e-02
-2.198555618524551392e-01
-6.545581668615341187e-02
-7.505356520414352417e-02
-7.853379100561141968e-02
-6.529730558395385742e-02
1.322159618139266968e-01
-1.138906702399253845e-01
4.496414959430694580e-02
-2.679315395653247833e-02
1.588282138109207153e-01
-9.628362208604812622e-02
-2.018687687814235687e-02
5.460074543952941895e-02
1.053795441985130310e-01
-6.335172802209854126e-02
1.608476191759109497e-01
-7.395093888044357300e-02
5.061745643615722656e-02
2.435620874166488647e-02
-1.837108470499515533e-02
-1.305396705865859985e-01
-1.907469518482685089e-02
4.434404522180557251e-02
7.635901123285293579e-02
-4.767853766679763794e-02
-5.480486154556274414e-02
1.258485466241836548e-01
5.153178423643112183e-02
6.947649270296096802e-02
1.175106838345527649e-01
7.525566965341567993e-02
8.515775203704833984e-02
6.627650558948516846e-02
6.796745210886001587e-02
9.767010807991027832e-02
1.441983431577682495e-01
9.525619447231292725e-02
8.608555793762207031e-02
-1.527968943119049072e-01
-5.360154435038566589e-03
1.825771033763885498e-01
4.039932042360305786e-03
-3.301776945590972900e-02
1.255462020635604858e-01
1.239901706576347351e-01
-1.294443756341934204e-01
-3.265745937824249268e-02
-2.771225012838840485e-02
-2.114725261926651001e-01
1.290737688541412354e-01
3.555136919021606445e-02
-2.628622576594352722e-03
-7.050124928355216980e-03
6.616540253162384033e-02
-8.602855354547500610e-02
8.144520968198776245e-02
-9.516345337033271790e-03
-1.216958686709403992e-01
-7.594870775938034058e-02
1.620067283511161804e-03
1.064215674996376038e-01
-1.694803498685359955e-02
-9.300475567579269409e-02
4.661116749048233032e-02
1.594573445618152618e-02
-1.585482805967330933e-01
-1.456934958696365356e-01
1.199995055794715881e-01
-5.501047521829605103e-02
