1.417921930551528931e-01
2.539457082748413086e-01
1.879235655069351196e-01
-4.750776290893554688e-02
1.190609931945800781e-01
-9.362365305423736572e-02
1.566567867994308472e-01
9.016520529985427856e-02
3.906533420085906982e-01
2.795529365539550781e-01
-3.825006484985351562e-01
-6.416361778974533081e-02
-3.059027493000030518e-01
-8.685655891895294189e-02
1.739374361932277679e-02
-1.913414001464843750e-01
2.523371875286102295e-01
-8.297237008810043335e-02
-2.462553083896636963e-01
-3.601432740688323975e-01
-2.241975367069244385e-01
2.573876678943634033e-01
3.434415906667709351e-02
-2.103988528251647949e-01
-3.506538569927215576e-01
-9.118511527776718140e-02
8.722198009490966797e-02
3.118357658386230469e-01
2.025985717773437500e-01
-1.814023256301879883e-01
4.860907047986984253e-02
-3.283326923847198486e-01
-8.586093038320541382e-02
-1.529780030250549316e-01
3.680676817893981934e-01
1.413672864437103271e-01
-4.444602876901626587e-02
2.018441408872604370e-01
-3.111346065998077393e-01
-5.799220502376556396e-02
-5.085487663745880127e-02
1.785759776830673218e-01
-1.050905510783195496e-01
1.481107771396636963e-01
7.684472203254699707e-02
2.637089788913726807e-01
-1.890314929187297821e-02
-5.206054076552391052e-03
8.708216995000839233e-02
1.504196822643280029e-01
7.778985798358917236e-02
1.434758603572845459e-01
3.091765940189361572e-01
6.542459130287170410e-02
-1.428879946470260620e-01
6.524954736232757568e-02
2.898871302604675293e-01
2.349564582109451294e-01
6.175246089696884155e-02
-2.525588870048522949e-01
2.501891255378723145e-01
4.162139296531677246e-01
2.993734478950500488e-01
3.185704946517944336e-01
-5.770630389451980591e-02
1.053443364799022675e-02
-2.505234777927398682e-01
1.037331894040107727e-01
-1.183027215301990509e-02
1.128155663609504700e-01
-2.885001711547374725e-02
1.794003248214721680e-01
-1.405242532491683960e-01
2.517740130424499512e-01
-2.486093528568744659e-02
-1.981410682201385498e-01
7.770613580942153931e-02
3.290976956486701965e-02
1.682966947555541992e-01
-2.149941325187683105e-01
-1.279891878366470337e-01
-1.184630021452903748e-01
-1.298951804637908936e-01
2.250554561614990234e-01
-5.975799635052680969e-03
-1.669437140226364136e-01
1.553485989570617676e-01
-1.798598319292068481e-01
-1.041704639792442322e-01
3.941997140645980835e-02
2.225169241428375244e-01
-3.138464391231536865e-01
1.495974063873291016e-01
-2.447911500930786133e-01
-2.933627068996429443e-01
6.978475302457809448e-02
1.420262604951858521e-01
2.040814608335494995e-01
1.133070290088653564e-01
-2.744062803685665131e-02
