2.728287875652313232e-01
9.227726608514785767e-02
2.635690271854400635e-01
6.341477483510971069e-02
9.418509155511856079e-02
1.784895658493041992e-01
6.143229082226753235e-02
-1.702114567160606384e-02
1.618654876947402954e-01
1.126041486859321594e-01
-1.059190332889556885e-01
3.865958377718925476e-02
1.353789716958999634e-01
1.935696452856063843e-01
-1.494491249322891235e-01
1.922984570264816284e-01
9.600470773875713348e-03
-1.550331711769104004e-01
-3.588012605905532837e-02
-7.698462903499603271e-02
-1.133027393370866776e-02
1.418591439723968506e-01
-2.064739167690277100e-02
-2.327803820371627808e-01
-1.537243369966745377e-02
-9.713190793991088867e-02
-1.346817612648010254e-01
-8.336526155471801758e-02
7.327941805124282837e-02
1.114252731204032898e-01
1.500155627727508545e-01
-2.447842806577682495e-01
-2.836124226450920105e-02
-8.892834931612014771e-02
-1.609967648983001709e-01
-1.165583655238151550e-01
1.149041652679443359e-01
-2.902525365352630615e-01
-1.869451403617858887e-01
1.671628355979919434e-01
2.680076360702514648e-01
2.426125854253768921e-01
-1.953333243727684021e-02
2.353093586862087250e-03
3.480451405048370361e-01
2.031154185533523560e-01
-4.852953553199768066e-02
-1.783576011657714844e-01
-1.253542006015777588e-01
1.293811202049255371e-01
5.582330748438835144e-02
5.079749599099159241e-02
-1.808534264564514160e-01
-1.260341703891754150e-01
-8.588508516550064087e-02
1.617378741502761841e-01
-1.558503359556198120e-01
-1.228145882487297058e-01
-1.828549802303314209e-01
5.324349924921989441e-02
-1.009465605020523071e-01
3.010226413607597351e-02
9.675090759992599487e-02
5.467184260487556458e-02
2.111596614122390747e-01
1.989303976297378540e-01
7.762353122234344482e-02
5.004647746682167053e-02
-2.838519215583801270e-01
-9.341492503881454468e-02
-1.554737389087677002e-01
1.541927456855773926e-01
-1.116250082850456238e-01
9.979214519262313843e-02
1.380691081285476685e-01
-5.567510612308979034e-03
-2.410898208618164062e-01
-1.645860373973846436e-01
1.146105900406837463e-01
1.316333562135696411e-01
-2.514349222183227539e-01
1.247808858752250671e-01
3.154162690043449402e-02
-3.055942654609680176e-01
1.813948154449462891e-01
-2.105660140514373779e-01
-1.962933316826820374e-02
-8.117092400789260864e-02
2.621648907661437988e-01
-2.165029197931289673e-01
1.542591303586959839e-01
-1.219400763511657715e-01
1.927362829446792603e-01
-8.983624167740345001e-03
-5.301169678568840027e-02
1.497663706541061401e-01
7.455875724554061890e-02
-1.592840552330017090e-01
-1.319957077503204346e-01
1.449212282896041870e-01
