6.499083340167999268e-02
-3.196871280670166016e-02
-1.165821105241775513e-01
-6.107192859053611755e-02
-9.554811567068099976e-02
1.478465646505355835e-01
-1.160487681627273560e-01
-2.178393863141536713e-02
-1.025142520666122437e-01
-1.269704401493072510e-01
1.885881125926971436e-01
1.316184848546981812e-01
-5.727161839604377747e-02
-2.780775725841522217e-02
-1.488321833312511444e-02
7.939839735627174377e-03
2.677806466817855835e-02
-1.877048425376415253e-02
5.022950470447540283e-02
-1.445028483867645264e-01
-1.310284733772277832e-01
-1.080868840217590332e-01
-1.018440574407577515e-01
-6.456110626459121704e-02
2.162422388792037964e-01
6.183933839201927185e-02
1.058145314455032349e-01
2.054669260978698730e-01
-4.785681888461112976e-02
-9.748455882072448730e-02
4.205469787120819092e-02
-8.142503350973129272e-02
3.759964555501937866e-02
-6.393145024776458740e-02
-7.088750600814819336e-02
-1.560078412294387817e-01
7.677942514419555664e-02
2.426486909389495850e-01
-9.077802300453186035e-02
-3.245680406689643860e-02
8.059626817703247070e-02
-1.370909363031387329e-01
3.155118227005004883e-01
1.162305921316146851e-01
1.039519757032394409e-01
1.057938486337661743e-02
-1.714788526296615601e-01
-1.153224930167198181e-01
1.282235085964202881e-01
7.054348289966583252e-02
-7.799664139747619629e-02
1.209341809153556824e-01
-7.642921991646289825e-04
1.093483045697212219e-01
-6.779623776674270630e-02
1.068819910287857056e-01
-1.581496298313140869e-01
1.089853495359420776e-01
-8.157350867986679077e-02
-2.152115106582641602e-01
-2.088957875967025757e-01
1.609084308147430420e-01
7.451268285512924194e-02
5.509711056947708130e-02
-1.679986715316772461e-01
2.458475828170776367e-01
8.095062524080276489e-02
-1.172068640589714050e-01
7.280305493623018265e-03
-9.073910862207412720e-02
5.453985929489135742e-02
-1.230729669332504272e-01
-1.374585181474685669e-01
-1.053794249892234802e-01
1.942659318447113037e-01
-1.458924412727355957e-01
-1.570399552583694458e-01
-8.116538077592849731e-02
1.494578570127487183e-01
4.188063740730285645e-02
-2.535482645034790039e-01
2.170895636081695557e-01
7.593201100826263428e-02
4.349016770720481873e-02
8.931577950716018677e-02
7.225072477012872696e-03
-1.731857359409332275e-01
-1.642905771732330322e-01
-7.720976136624813080e-04
5.369250103831291199e-02
4.451343417167663574e-02
-6.976766139268875122e-02
8.380319923162460327e-02
-3.607419878244400024e-02
7.664959132671356201e-02
-1.125542819499969482e-01
1.050379574298858643e-01
-4.623969644308090210e-02
6.037757545709609985e-02
-1.623296551406383514e-02
