-9.154753759503364563e-03
-1.888773888349533081e-01
1.139753088355064392e-01
-4.945503920316696167e-02
-3.748218715190887451e-02
-1.273757219314575195e-01
-1.459024846553802490e-01
1.324276775121688843e-01
-7.576720789074897766e-03
9.321861714124679565e-02
-2.900703251361846924e-01
-5.615925788879394531e-02
-4.169703274965286255e-02
9.413327276706695557e-02
-1.633126661181449890e-02
-1.955722868442535400e-01
4.773116856813430786e-02
4.904939979314804077e-02
1.014276519417762756e-01
8.152097463607788086e-02
6.853867322206497192e-02
4.986957460641860962e-02
2.008179947733879089e-02
1.651431024074554443e-01
-1.279099881649017334e-01
8.547404408454895020e-02
8.007104694843292236e-02
-1.038187518715858459e-01
1.411683261394500732e-01
1.076753214001655579e-01
1.228476166725158691e-01
-3.764832764863967896e-02
1.425392776727676392e-01
7.569719105958938599e-02
5.007769167423248291e-02
1.375995874404907227e-01
1.334598511457443237e-01
-2.868532948195934296e-02
7.487279176712036133e-02
-5.179234594106674194e-02
1.189929321408271790e-01
8.537115156650543213e-02
-3.767748922109603882e-02
-3.743248879909515381e-01
1.481137424707412720e-01
-1.344735920429229736e-01
7.620442658662796021e-02
1.262136697769165039e-01
8.880752325057983398e-02
1.010759249329566956e-01
3.747446835041046143e-02
-1.568484902381896973e-01
-2.660202048718929291e-02
7.440199702978134155e-02
6.812829524278640747e-02
-1.608970947563648224e-02
5.217766016721725464e-02
2.116236090660095215e-02
8.623727411031723022e-02
-2.870402336120605469e-01
1.070021167397499084e-01
2.323545515537261963e-02
1.887111514806747437e-01
-3.082554228603839874e-02
5.535541474819183350e-02
-6.112993508577346802e-02
-1.141627877950668335e-01
-2.226204425096511841e-01
2.013717591762542725e-02
4.812614619731903076e-02
-4.918750375509262085e-02
1.174539402127265930e-01
3.887633234262466431e-02
-8.550591766834259033e-02
3.646609187126159668e-02
1.139545068144798279e-01
-8.708747476339340210e-02
1.488546282052993774e-01
1.125740818679332733e-03
5.405020713806152344e-02
-5.048016905784606934e-01
-2.036454826593399048e-01
-2.113523148000240326e-02
1.818021088838577271e-01
-5.475948005914688110e-02
-1.720998883247375488e-01
-1.536269634962081909e-01
3.336256742477416992e-02
-1.034580171108245850e-02
3.926901519298553467e-02
6.723022460937500000e-02
8.590378612279891968e-02
6.316953897476196289e-02
-1.698690652847290039e-02
1.968544721603393555e-02
-2.501565404236316681e-02
9.382040053606033325e-02
9.746010601520538330e-02
-3.359044343233108521e-02
2.725933305919170380e-02
