-1.083000600337982178e-01
-1.545028835535049438e-01
5.387218203395605087e-03
-1.131947487592697144e-01
-5.879941582679748535e-02
-3.761840239167213440e-02
9.817554056644439697e-02
4.162874072790145874e-02
1.022392362356185913e-01
-1.332640200853347778e-01
-4.232149943709373474e-02
3.484022244811058044e-02
-4.790530353784561157e-02
-2.557059936225414276e-02
-3.184225037693977356e-02
-1.922938823699951172e-01
9.183850884437561035e-02
-1.600311324000358582e-02
-3.952246904373168945e-02
7.538846880197525024e-02
8.155594766139984131e-02
1.210872232913970947e-01
-2.266334183514118195e-02
1.803876645863056183e-02
-1.886466890573501587e-01
7.794693857431411743e-02
1.200377382338047028e-02
-1.036455854773521423e-02
-1.452957987785339355e-01
-3.486080095171928406e-02
-1.789160538464784622e-03
3.893602173775434494e-03
-2.141008526086807251e-01
1.161174923181533813e-01
1.161399930715560913e-01
7.152329199016094208e-04
-7.107014302164316177e-03
1.917047798633575439e-02
-5.064297467470169067e-02
8.988235145807266235e-02
-1.582713723182678223e-01
-1.306044757366180420e-01
6.039410829544067383e-02
6.857837736606597900e-02
4.422055929899215698e-02
-9.900096803903579712e-03
-1.542325504124164581e-02
-6.392372399568557739e-02
4.892622306942939758e-02
9.564996510744094849e-02
5.678304657340049744e-02
-3.695724159479141235e-02
-4.784926027059555054e-02
-1.065669134259223938e-01
5.087526515126228333e-02
-8.418780565261840820e-02
7.819232344627380371e-02
7.614542543888092041e-02
9.216564893722534180e-02
9.027293324470520020e-02
-1.456421799957752228e-02
-3.571030870079994202e-02
-2.087139524519443512e-02
-3.803303837776184082e-02
3.526255488395690918e-02
-1.010068058967590332e-01
6.577502936124801636e-02
-6.213974952697753906e-02
-1.021884679794311523e-01
1.080707088112831116e-02
1.160916835069656372e-01
1.344126276671886444e-02
-8.238156884908676147e-02
1.238281354308128357e-01
-9.248663485050201416e-02
-2.203073166310787201e-02
2.949109859764575958e-02
-5.708597972989082336e-02
7.078643422573804855e-03
-1.509773731231689453e-02
-1.975525170564651489e-02
1.115062609314918518e-01
4.274025186896324158e-02
1.300097256898880005e-01
5.957915633916854858e-02
8.338204026222229004e-02
5.377658456563949585e-02
1.345223933458328247e-01
6.403812021017074585e-02
-5.520718544721603394e-02
2.099695242941379547e-02
-2.504520677030086517e-02
9.989062324166297913e-03
4.520706459879875183e-02
-1.711362898349761963e-01
4.560745134949684143e-02
-8.016642928123474121e-02
-8.586458116769790649e-02
-7.600249350070953369e-02
1.519584506750106812e-01
