-1.788187623023986816e-01
-1.816073954105377197e-01
3.601618111133575439e-02
-2.104613780975341797e-01
-2.515747211873531342e-03
-1.503833383321762085e-01
-1.648233458399772644e-02
2.643828094005584717e-01
-2.157423198223114014e-01
-3.098044991493225098e-01
7.156783342361450195e-02
1.762158721685409546e-01
9.671507030725479126e-02
-1.473736017942428589e-01
-7.119709998369216919e-02
-1.653954237699508667e-01
-2.091730087995529175e-01
-1.810131669044494629e-01
-9.410159289836883545e-02
1.876799017190933228e-01
1.444305572658777237e-02
-1.928332298994064331e-01
1.869778335094451904e-01
1.480732709169387817e-01
-4.788019508123397827e-02
4.551381804049015045e-03
9.357400983572006226e-02
2.152332365512847900e-01
-5.974366143345832825e-02
-3.520938754081726074e-01
1.523097306489944458e-01
3.942148759961128235e-02
-7.680938392877578735e-02
-5.654371157288551331e-02
-2.193496823310852051e-01
2.230856716632843018e-01
-1.841186732053756714e-01
-6.190543249249458313e-02
-8.177297562360763550e-02
-1.981893554329872131e-02
1.075114011764526367e-01
1.149977892637252808e-01
5.352962762117385864e-02
-1.192528661340475082e-02
2.304225862026214600e-01
-1.075923293828964233e-01
1.836895644664764404e-01
-2.024892717599868774e-01
-1.952571719884872437e-01
4.370914399623870850e-02
8.503350615501403809e-02
9.649789333343505859e-02
-5.762094631791114807e-02
5.644159018993377686e-02
-1.570631116628646851e-01
-1.992415636777877808e-01
-1.269169431179761887e-02
1.024410575628280640e-01
-9.076762944459915161e-02
1.901220083236694336e-01
-6.142346933484077454e-02
-1.196631044149398804e-01
-4.115318879485130310e-02
3.990401327610015869e-02
1.410009562969207764e-01
4.109480977058410645e-02
1.500091254711151123e-01
-4.365339502692222595e-02
3.166209757328033447e-01
-4.201050400733947754e-01
1.952445507049560547e-02
-1.325891464948654175e-01
-1.256866659969091415e-02
2.616164386272430420e-01
2.047867625951766968e-01
2.054253965616226196e-02
2.801767289638519287e-01
-6.812239438295364380e-02
5.507876351475715637e-02
-2.122071087360382080e-01
-8.898045867681503296e-02
9.464277327060699463e-02
-1.540794819593429565e-01
1.511792540550231934e-01
-3.192585706710815430e-01
-1.027626246213912964e-01
2.902173101902008057e-01
-3.007666468620300293e-01
1.193769946694374084e-01
-1.831404268741607666e-01
4.687192738056182861e-01
-6.153773143887519836e-02
8.529684506356716156e-03
1.378578692674636841e-01
-2.940906584262847900e-02
-2.150115519762039185e-01
-1.591232270002365112e-01
3.274340927600860596e-02
1.595328599214553833e-01
1.675146073102951050e-01
