1.929336637258529663e-01
8.795689046382904053e-02
4.184615612030029297e-02
-8.523894101381301880e-02
7.426831126213073730e-02
-2.673132158815860748e-02
-9.708169102668762207e-02
8.420783281326293945e-02
5.267250537872314453e-02
1.034776307642459869e-02
6.284800171852111816e-02
4.772999882698059082e-02
-3.839963674545288086e-02
8.235431462526321411e-02
-3.366208076477050781e-02
4.636999964714050293e-02
-1.669830381870269775e-01
3.383525460958480835e-02
2.138950675725936890e-02
-1.634559780359268188e-01
-1.682778634130954742e-02
1.284188777208328247e-01
2.192126214504241943e-02
-1.006518304347991943e-02
1.267926692962646484e-01
4.743250459432601929e-02
-5.623852461576461792e-02
6.735809147357940674e-02
-6.715207360684871674e-03
4.894985258579254150e-02
-4.195369035005569458e-02
6.791549175977706909e-02
-5.094578862190246582e-02
1.134238839149475098e-01
6.979131698608398438e-02
1.304540485143661499e-01
-2.128638476133346558e-01
8.028937131166458130e-02
-4.806284606456756592e-02
-1.431759148836135864e-01
6.117939949035644531e-02
9.199313074350357056e-02
4.972414113581180573e-03
3.322209790349006653e-02
1.186888199299573898e-02
6.173948757350444794e-03
5.279412865638732910e-02
-8.514982461929321289e-02
-4.606593400239944458e-02
-7.648252695798873901e-02
1.035475172102451324e-03
6.558670848608016968e-02
1.278002858161926270e-01
3.587941080331802368e-02
-5.486331135034561157e-02
1.005890034139156342e-02
-9.276027977466583252e-02
5.366866290569305420e-02
-3.620469570159912109e-02
5.195316672325134277e-02
7.905053906142711639e-03
-6.506854295730590820e-02
5.120252817869186401e-02
-5.552555434405803680e-03
2.490168251097202301e-02
4.574247449636459351e-02
6.367082893848419189e-02
1.298167183995246887e-02
4.432537592947483063e-03
2.889033779501914978e-02
-1.403886973857879639e-01
-6.559982150793075562e-02
1.271535605192184448e-01
-2.349208146333694458e-01
1.123214792460203171e-02
3.997851908206939697e-02
-2.552644908428192139e-01
-1.484282314777374268e-01
-1.209829002618789673e-02
-1.161639317870140076e-01
-3.653457760810852051e-02
8.304028213024139404e-02
5.029728636145591736e-04
1.291975229978561401e-01
-3.573351539671421051e-03
7.519770413637161255e-02
-3.307789564132690430e-03
5.147640407085418701e-02
-1.649858057498931885e-02
-5.074609816074371338e-02
4.136322438716888428e-02
-3.585596382617950439e-02
-7.702043280005455017e-03
-8.517311513423919678e-02
2.696307376027107239e-03
1.781030446290969849e-01
-3.997392207384109497e-02
-1.246217265725135803e-02
1.736904531717300415e-01
7.091835886240005493e-02
