2.989122867584228516e-01
-2.335680872201919556e-01
2.254981920123100281e-02
7.642364501953125000e-02
1.410151273012161255e-01
4.419192671775817871e-02
-2.599992752075195312e-01
-3.940030634403228760e-01
-1.207924261689186096e-01
-4.804206639528274536e-02
-1.614952385425567627e-01
-3.591345623135566711e-03
-1.718226820230484009e-01
-2.042752355337142944e-01
1.107966750860214233e-01
4.859447479248046875e-02
1.955037415027618408e-01
-1.273608654737472534e-01
-3.336732834577560425e-02
5.960778146982192993e-02
-2.752551138401031494e-01
-5.117307901382446289e-01
3.238174617290496826e-01
3.522141277790069580e-01
3.028728812932968140e-02
3.154653310775756836e-02
-1.485350430011749268e-01
-2.022615671157836914e-01
3.656351268291473389e-01
-7.876124233007431030e-02
2.270547151565551758e-01
1.227254606783390045e-02
-9.718660265207290649e-02
-2.052775584161281586e-02
1.238417476415634155e-01
3.647473454475402832e-02
-5.886842310428619385e-02
1.357332319021224976e-01
7.029480487108230591e-02
-3.529951274394989014e-01
4.669973254203796387e-02
-1.114155650138854980e-01
2.421150542795658112e-02
1.761032342910766602e-01
2.843925654888153076e-01
1.916779950261116028e-02
4.334430396556854248e-01
8.968177437782287598e-02
2.640844583511352539e-01
1.386665850877761841e-01
2.934804186224937439e-03
-7.708568125963211060e-02
-1.459809541702270508e-01
1.327874213457107544e-01
2.169242054224014282e-01
1.501129865646362305e-01
1.012533530592918396e-01
-1.022140160202980042e-01
4.911121726036071777e-02
-3.603743910789489746e-01
-4.094526171684265137e-03
2.438230663537979126e-01
-1.168801113963127136e-01
-1.928912661969661713e-02
-1.402491331100463867e-01
-1.001570299267768860e-01
1.346087306737899780e-01
-6.340884417295455933e-02
-2.575286924839019775e-01
3.053394556045532227e-01
-9.972847253084182739e-02
-4.056093096733093262e-02
-1.527744084596633911e-01
-2.808586061000823975e-01
-8.402140438556671143e-02
2.219787538051605225e-01
-1.103092581033706665e-01
-1.534201949834823608e-01
-8.938156813383102417e-02
-1.437189728021621704e-01
2.192809432744979858e-01
4.798829555511474609e-02
1.386903822422027588e-01
-5.281507968902587891e-01
2.740646302700042725e-01
1.403618305921554565e-01
2.483510971069335938e-01
1.481192559003829956e-01
2.035752534866333008e-01
3.443776071071624756e-01
-1.129100695252418518e-01
-5.752579122781753540e-02
-1.671520993113517761e-03
-8.609504997730255127e-02
-1.094932705163955688e-01
-4.512403160333633423e-03
-1.403440833091735840e-01
1.240477040410041809e-01
1.307164728641510010e-01
-6.360322237014770508e-03
