7.156828045845031738e-02
1.500265598297119141e-01
-4.063889086246490479e-01
1.147053763270378113e-01
7.931154221296310425e-02
2.206988036632537842e-01
4.542917907238006592e-01
-2.320690453052520752e-01
-3.112707287073135376e-03
-9.501361101865768433e-02
2.081858515739440918e-01
2.678143419325351715e-02
-1.930873692035675049e-01
6.822329759597778320e-02
-6.163943558931350708e-02
5.013965964317321777e-01
-2.434609532356262207e-01
9.783098101615905762e-02
1.974726617336273193e-01
2.496002614498138428e-01
-4.565643519163131714e-02
-4.027717113494873047e-01
2.433937788009643555e-01
2.308038994669914246e-02
1.794645190238952637e-01
-1.166890338063240051e-01
3.194725811481475830e-01
-5.409413576126098633e-01
-2.365622520446777344e-01
2.193835973739624023e-01
1.681765615940093994e-01
-9.548530727624893188e-02
-1.445982456207275391e-01
-1.461998820304870605e-01
1.967343688011169434e-01
-2.700574994087219238e-01
1.225235164165496826e-01
-1.615827083587646484e-01
-1.258095204830169678e-01
2.201114594936370850e-01
2.635753154754638672e-01
-9.265165030956268311e-02
-7.904163748025894165e-02
1.080031171441078186e-01
-4.504446387290954590e-01
4.921284615993499756e-01
2.221891283988952637e-01
-4.922336339950561523e-01
-1.019312962889671326e-01
3.949853777885437012e-01
2.571485042572021484e-01
1.379230618476867676e-01
-4.173448681831359863e-01
-9.035248309373855591e-02
-3.031892478466033936e-01
-2.950806021690368652e-01
-2.483046054840087891e-01
9.363557398319244385e-02
-6.958372890949249268e-03
1.606586277484893799e-01
1.789171993732452393e-01
4.151485115289688110e-02
-9.014710038900375366e-02
5.371031910181045532e-02
-9.701587259769439697e-05
-1.169227063655853271e-02
-1.647982895374298096e-01
-5.678013563156127930e-01
2.417723089456558228e-02
1.891416311264038086e-01
1.489996910095214844e-01
9.644606709480285645e-02
1.542137861251831055e-01
1.339426338672637939e-01
-3.140214681625366211e-01
3.805305808782577515e-02
7.571417093276977539e-02
1.927600502967834473e-01
-5.781044960021972656e-01
9.082989394664764404e-02
-1.817739009857177734e-01
-7.216732949018478394e-02
4.055337309837341309e-01
-4.221626520156860352e-01
-2.670398354530334473e-01
5.946950316429138184e-01
8.981131762266159058e-02
-2.196531593799591064e-01
-4.419993162155151367e-01
3.247523307800292969e-01
2.575116455554962158e-01
2.204050123691558838e-01
2.917771339416503906e-01
3.333880752325057983e-02
-4.051010608673095703e-01
9.449455142021179199e-02
3.230718374252319336e-01
3.201853930950164795e-01
-3.949027508497238159e-02
-1.273458003997802734e-01
