4.707299172878265381e-02
1.928132772445678711e-02
4.943884909152984619e-02
1.213477849960327148e-01
4.414483159780502319e-02
-1.527072191238403320e-01
-7.551504671573638916e-02
-9.279646724462509155e-02
-1.098066791892051697e-01
-4.505866020917892456e-02
1.415603887289762497e-02
2.883529290556907654e-02
5.145011097192764282e-02
8.986882120370864868e-02
-3.025962784886360168e-02
-1.038404479622840881e-01
-5.271318182349205017e-02
-1.849243044853210449e-02
9.471862576901912689e-03
-8.417971432209014893e-02
1.165947318077087402e-01
4.824974015355110168e-02
9.754929691553115845e-02
5.385914444923400879e-02
-3.914529830217361450e-02
-1.170606985688209534e-01
-1.045760139822959900e-01
9.642275981605052948e-03
2.008280903100967407e-01
-1.117389556020498276e-02
-2.589297294616699219e-02
-1.073469407856464386e-03
1.826445460319519043e-01
8.096641860902309418e-03
-1.205975040793418884e-01
3.099049627780914307e-02
-3.524475544691085815e-02
-9.353265166282653809e-02
-9.727606922388076782e-02
1.120648309588432312e-01
-1.133174896240234375e-01
-1.246471330523490906e-01
8.883681148290634155e-02
-4.494634643197059631e-02
1.020396426320075989e-01
-7.433520257472991943e-02
-4.055432230234146118e-02
2.000360190868377686e-02
1.159868538379669189e-01
8.852855116128921509e-02
4.010452330112457275e-02
5.534277111291885376e-02
-7.446131110191345215e-02
6.960502825677394867e-03
3.030257672071456909e-02
6.618114560842514038e-02
-2.264854684472084045e-02
-6.064236909151077271e-02
9.305951185524463654e-03
4.640138708055019379e-03
1.553220152854919434e-01
4.082443192601203918e-02
4.350576177239418030e-02
1.303851157426834106e-01
-5.345431156456470490e-03
-3.697025775909423828e-02
-8.726993948221206665e-02
-1.629261299967765808e-02
-1.023071780800819397e-01
-5.799733102321624756e-02
4.050846211612224579e-03
-1.278384327888488770e-01
1.098555251955986023e-01
9.941861778497695923e-02
5.910077318549156189e-02
-6.370878219604492188e-02
7.005321793258190155e-03
5.291881971061229706e-03
1.872852444648742676e-01
-4.153871536254882812e-02
-4.552880674600601196e-02
-6.371174752712249756e-02
-2.665361016988754272e-02
1.481336951255798340e-01
-1.815573871135711670e-02
1.864839494228363037e-01
-1.133342236280441284e-01
1.573847979307174683e-02
1.264757961034774780e-01
1.043423190712928772e-01
-4.156356677412986755e-02
-1.237544193863868713e-01
-3.648053109645843506e-02
1.325103342533111572e-01
1.705119758844375610e-02
-6.108833849430084229e-02
1.766836345195770264e-01
1.378093194216489792e-02
-9.524509310722351074e-02
4.882025532424449921e-03
