1.699241399765014648e-01
3.754265010356903076e-01
3.697445988655090332e-01
6.832777708768844604e-02
1.528997421264648438e-01
1.664555966854095459e-01
2.145271301269531250e-01
-9.807089716196060181e-02
1.538235843181610107e-01
1.165585666894912720e-01
1.725611686706542969e-01
-7.921724021434783936e-02
7.982751354575157166e-03
1.209559813141822815e-01
-5.824840161949396133e-03
1.218672096729278564e-01
1.042038798332214355e-01
8.744461834430694580e-02
2.205775678157806396e-01
2.853290177881717682e-02
-1.855166107416152954e-01
1.207804530858993530e-01
-2.059966474771499634e-01
-3.428780436515808105e-01
1.735563576221466064e-01
-2.650930918753147125e-02
9.298116713762283325e-02
1.158912256360054016e-01
3.978027701377868652e-01
-3.376705199480056763e-02
-2.938194870948791504e-01
1.447829604148864746e-01
-1.884821504354476929e-01
-1.786386966705322266e-01
6.683723628520965576e-02
-1.266611069440841675e-01
2.076916582882404327e-02
2.171778976917266846e-01
-3.752804175019264221e-02
-3.053321540355682373e-01
1.797029078006744385e-01
2.277613729238510132e-01
-7.869550585746765137e-02
1.904636025428771973e-01
-4.881443828344345093e-02
2.387566864490509033e-01
-2.391891479492187500e-01
4.063495248556137085e-02
2.830250747501850128e-02
-2.453202754259109497e-01
1.181982308626174927e-01
5.424094852060079575e-03
-7.146960590034723282e-03
6.722724437713623047e-02
-2.147709727287292480e-01
2.537411153316497803e-01
1.186183616518974304e-01
-7.254815194755792618e-03
-2.892165482044219971e-01
3.362639546394348145e-01
-1.930475533008575439e-01
3.805400431156158447e-02
1.187857687473297119e-01
-6.721004843711853027e-02
-3.111644182354211807e-03
-1.611016690731048584e-01
-1.897633969783782959e-01
3.163313865661621094e-01
-6.802072376012802124e-02
-8.229281753301620483e-02
-2.309606373310089111e-01
-1.459345370531082153e-01
-3.066611588001251221e-01
2.231728285551071167e-01
-1.490933895111083984e-01
-2.009783387184143066e-01
1.808057427406311035e-01
-2.330313920974731445e-01
-1.330445110797882080e-01
1.388575732707977295e-01
-2.853660881519317627e-01
-8.281937241554260254e-02
-2.551381886005401611e-01
-2.676515374332666397e-03
-2.988970372825860977e-03
-2.345318198204040527e-01
6.978192180395126343e-02
2.038799971342086792e-01
-1.311986446380615234e-01
1.585130542516708374e-01
-4.696416556835174561e-01
-3.676849231123924255e-02
2.453708052635192871e-01
-3.022328577935695648e-02
6.240108609199523926e-02
-6.711047887802124023e-02
3.409499675035476685e-02
2.012413591146469116e-01
-1.060143187642097473e-01
2.343090474605560303e-01
