1.420802474021911621e-01
4.059477150440216064e-01
1.775247454643249512e-01
-3.546876907348632812e-01
2.705658376216888428e-01
-1.370463669300079346e-01
4.778442531824111938e-02
1.446838080883026123e-01
2.114253044128417969e-01
8.836648613214492798e-02
4.201515018939971924e-02
8.635894954204559326e-02
-8.765890263020992279e-03
1.168077737092971802e-01
-6.400088220834732056e-02
-3.786145150661468506e-01
1.764442324638366699e-01
9.912046790122985840e-02
-4.763256609439849854e-01
-1.752384305000305176e-01
1.470519900321960449e-01
2.902895808219909668e-01
6.359188258647918701e-02
3.124382793903350830e-01
5.301124453544616699e-01
2.836996316909790039e-01
-8.471142500638961792e-02
-9.831501543521881104e-02
5.380194783210754395e-01
5.279155373573303223e-01
-2.120830118656158447e-02
1.498614717274904251e-02
-1.196431517601013184e-01
2.320041060447692871e-01
-1.617844253778457642e-01
2.332135736942291260e-01
1.714065670967102051e-01
1.029207706451416016e-01
-1.861028671264648438e-01
3.066258728504180908e-01
-1.006216779351234436e-01
-1.046938449144363403e-01
7.977082580327987671e-02
-3.556761443614959717e-01
2.348352372646331787e-01
-3.834700286388397217e-01
-1.767596304416656494e-01
6.491737812757492065e-02
1.829959452152252197e-01
1.851824223995208740e-01
3.184278309345245361e-01
-9.882843494415283203e-02
-1.590629816055297852e-01
3.261395096778869629e-01
3.425422608852386475e-01
8.863452821969985962e-02
5.193260908126831055e-01
1.744599193334579468e-01
-2.623725533485412598e-01
-7.964300513267517090e-01
-9.456933289766311646e-02
2.328778803348541260e-01
2.031430006027221680e-01
1.481720209121704102e-01
4.452449828386306763e-02
-3.431409597396850586e-01
4.161771535873413086e-01
1.947988867759704590e-01
-3.394804196432232857e-03
-3.837342858314514160e-01
-4.783106595277786255e-02
3.533383905887603760e-01
1.319642812013626099e-01
-7.431343942880630493e-02
1.089538708329200745e-01
-4.288446903228759766e-01
2.014769017696380615e-01
-5.409714579582214355e-01
3.013471662998199463e-01
-1.307085752487182617e-01
-9.826067835092544556e-02
-3.852967917919158936e-01
2.827535569667816162e-01
6.702107936143875122e-02
6.926945596933364868e-02
-1.555484533309936523e-01
-2.671671211719512939e-01
-3.756340444087982178e-01
9.040609747171401978e-02
-1.067971065640449524e-01
1.039261743426322937e-01
-3.221231102943420410e-01
-2.340558320283889771e-01
-3.577973842620849609e-01
-1.932052671909332275e-01
-4.692156016826629639e-01
1.947843581438064575e-01
2.946650385856628418e-01
-2.328317314386367798e-01
-2.601445615291595459e-01
