-3.170654177665710449e-02
2.361524850130081177e-01
4.270338416099548340e-01
-2.050326913595199585e-01
-1.774097979068756104e-01
-8.944762498140335083e-02
1.103099212050437927e-01
1.077482849359512329e-01
2.201420441269874573e-02
-5.057039260864257812e-01
-2.540104091167449951e-01
4.847804829478263855e-02
-1.111961901187896729e-01
1.197589561343193054e-01
-2.256333082914352417e-01
-1.829359084367752075e-01
-2.556074261665344238e-01
1.050439849495887756e-01
-3.098127245903015137e-01
-2.306613475084304810e-01
1.727835834026336670e-01
-6.452362239360809326e-02
-1.348005831241607666e-01
3.837292641401290894e-02
2.505221217870712280e-02
7.819680124521255493e-02
1.791367828845977783e-01
1.370474547147750854e-01
9.928886592388153076e-02
2.339007407426834106e-01
1.430000215768814087e-01
1.245253458619117737e-01
1.210937425494194031e-01
1.611275225877761841e-01
1.808975040912628174e-01
6.146162748336791992e-02
-2.394797950983047485e-01
5.248253047466278076e-02
-3.325120806694030762e-01
1.733685880899429321e-01
3.760697320103645325e-02
-1.313549429178237915e-01
8.399838209152221680e-02
8.878011256456375122e-02
3.145938366651535034e-02
2.283470332622528076e-01
-3.188324719667434692e-02
-3.850795328617095947e-01
-1.073985546827316284e-01
9.637943655252456665e-02
2.598770335316658020e-02
-1.173638850450515747e-01
-1.486249733716249466e-03
3.646444529294967651e-02
9.489423781633377075e-02
4.958624765276908875e-02
1.918595582246780396e-01
-2.664970457553863525e-01
-1.916307657957077026e-01
-6.804572790861129761e-02
2.112368345260620117e-01
-4.139364138245582581e-02
-6.988836824893951416e-02
1.814347207546234131e-01
-1.245857104659080505e-01
1.285842955112457275e-01
-4.452724456787109375e-01
4.584228992462158203e-02
-1.011270955204963684e-01
-3.233147561550140381e-01
1.806306391954421997e-01
-1.440011113882064819e-01
-6.541337817907333374e-02
1.606101840734481812e-01
-1.676274091005325317e-02
1.312116980552673340e-01
1.026753783226013184e-01
2.287554740905761719e-01
3.958168998360633850e-02
9.851575642824172974e-02
2.288135699927806854e-02
8.568898588418960571e-02
8.138950914144515991e-02
1.900823414325714111e-01
-1.919753700494766235e-01
4.526803642511367798e-02
-7.218434661626815796e-02
2.488395199179649353e-02
-4.276648759841918945e-01
-7.725615054368972778e-02
6.616150494664907455e-03
4.335331171751022339e-02
-1.475451737642288208e-01
3.837288916110992432e-01
-2.374597936868667603e-01
7.232709228992462158e-02
-3.342371881008148193e-01
8.989563584327697754e-02
1.520807892084121704e-01
1.531214565038681030e-01
