-2.209737338125705719e-02
2.548381090164184570e-01
1.927893012762069702e-01
1.229079067707061768e-01
9.820516407489776611e-02
4.147180169820785522e-02
2.852654755115509033e-01
9.316108189523220062e-04
-1.112296432256698608e-01
-1.516048461198806763e-01
1.832382827997207642e-01
-1.023863404989242554e-01
2.361655384302139282e-01
-4.583604261279106140e-02
-3.303565680980682373e-01
-5.728297233581542969e-01
1.061870530247688293e-01
2.760501801967620850e-01
-9.675970673561096191e-02
-3.759871721267700195e-01
4.775172472000122070e-01
1.681871861219406128e-01
-2.130223959684371948e-01
-7.889850437641143799e-02
-1.078643724322319031e-01
-3.291915655136108398e-01
3.522116541862487793e-01
-3.032613098621368408e-01
2.690998315811157227e-01
6.189391613006591797e-01
-2.715724892914295197e-02
-4.349689483642578125e-01
4.017967283725738525e-01
3.229794204235076904e-01
-3.485602140426635742e-01
3.245214223861694336e-01
-3.939930498600006104e-01
1.655479073524475098e-01
-2.937240898609161377e-01
5.127868652343750000e-01
1.667352765798568726e-01
2.996892035007476807e-01
1.301023662090301514e-01
2.312109246850013733e-02
-1.827283799648284912e-01
3.216501176357269287e-01
4.167295396327972412e-01
2.136067003011703491e-01
-2.370741814374923706e-01
-2.790313959121704102e-01
-2.685359716415405273e-01
1.176292896270751953e-01
-1.564287692308425903e-01
-1.739401817321777344e-01
6.062986329197883606e-02
2.475697398185729980e-01
1.072943583130836487e-01
-1.987368613481521606e-02
-2.751698791980743408e-01
-7.565029431134462357e-03
2.145033180713653564e-01
3.255642652511596680e-01
1.484390199184417725e-01
1.991531550884246826e-01
-7.414758950471878052e-02
3.054209053516387939e-01
2.381504476070404053e-01
-3.336282968521118164e-01
-2.752475626766681671e-02
-1.641650497913360596e-01
-1.263529658317565918e-01
-1.335904896259307861e-01
-1.026371195912361145e-01
5.753001570701599121e-01
-1.862610280513763428e-01
1.779428273439407349e-01
1.042789742350578308e-01
-4.454631805419921875e-01
-5.737159028649330139e-02
1.449904739856719971e-01
-6.289052218198776245e-02
-3.186032176017761230e-02
-3.285602927207946777e-01
-7.019974291324615479e-02
-6.224882975220680237e-02
9.833011776208877563e-03
6.416788101196289062e-01
1.451906114816665649e-01
-2.103156596422195435e-01
1.607853174209594727e-02
-5.314895510673522949e-01
-7.087092101573944092e-02
-3.586272522807121277e-02
-7.135587185621261597e-02
4.624986946582794189e-01
-4.235356450080871582e-01
-1.303815394639968872e-01
-3.332720100879669189e-01
3.003572821617126465e-01
3.513432443141937256e-01
