2.841217517852783203e-01
5.432623624801635742e-02
-5.968673899769783020e-02
2.313988506793975830e-01
3.941202536225318909e-02
-1.336599439382553101e-01
1.479126960039138794e-01
7.234771549701690674e-02
1.124109476804733276e-01
-2.513358891010284424e-01
1.714712195098400116e-02
-1.201281398534774780e-01
2.091293781995773315e-01
-6.611637771129608154e-02
3.514401987195014954e-02
2.813686430454254150e-01
1.269009560346603394e-01
9.317108988761901855e-02
-8.388306945562362671e-02
2.388291805982589722e-02
-4.417630136013031006e-01
7.721734791994094849e-02
2.001705169677734375e-01
1.055714860558509827e-01
6.496394425630569458e-02
8.922703564167022705e-02
-3.650392219424247742e-02
3.443196415901184082e-02
-4.347028676420450211e-03
-4.408133029937744141e-02
-5.662040784955024719e-02
1.447340548038482666e-01
-1.115157902240753174e-01
-2.267432510852813721e-01
7.627645134925842285e-02
-3.542658314108848572e-02
-8.387895673513412476e-02
1.415098179131746292e-02
-2.528069317340850830e-01
-4.652176797389984131e-01
-5.760919675230979919e-02
4.376312345266342163e-02
9.752850048243999481e-03
1.922496706247329712e-01
-5.842850208282470703e-01
-1.462640333920717239e-02
1.622144728899002075e-01
1.973006576299667358e-01
2.287983149290084839e-01
1.022322550415992737e-01
2.927158772945404053e-01
-2.747941017150878906e-01
8.273274637758731842e-03
-2.113812565803527832e-01
1.194314584136009216e-01
3.159886896610260010e-01
3.729567676782608032e-02
5.283293873071670532e-02
-2.156897783279418945e-01
-1.420324146747589111e-01
-4.109589457511901855e-01
2.385832071304321289e-01
2.830773890018463135e-01
1.192023158073425293e-01
-8.514219522476196289e-02
-2.188232541084289551e-01
-1.698412150144577026e-01
3.039287030696868896e-01
5.357835441827774048e-02
1.687960922718048096e-01
-2.093117684125900269e-01
7.870506495237350464e-02
7.595591992139816284e-02
-3.051108717918395996e-01
-1.045313477516174316e-01
-3.054791875183582306e-02
1.729470938444137573e-01
5.552121251821517944e-02
-2.248666062951087952e-02
1.736817061901092529e-01
1.070843115448951721e-01
6.292878091335296631e-02
-9.801850467920303345e-02
5.202922597527503967e-02
5.138732492923736572e-02
-1.121007055044174194e-01
4.924775287508964539e-02
-4.247254133224487305e-01
3.564442694187164307e-02
-1.133848633617162704e-02
-4.854506626725196838e-02
5.988127738237380981e-02
-3.586240708827972412e-01
-7.036261558532714844e-01
-1.003116071224212646e-01
8.400379866361618042e-02
7.704579085111618042e-02
-2.745186388492584229e-01
1.781617850065231323e-01
8.857647329568862915e-02
