9.956689178943634033e-02
-1.681874394416809082e-01
-1.446105837821960449e-01
7.732614129781723022e-02
-2.580878138542175293e-02
1.039403006434440613e-01
-5.193572491407394409e-02
-1.920717507600784302e-01
-9.024630486965179443e-02
-4.667415469884872437e-02
1.685182750225067139e-02
8.945971727371215820e-02
-1.267212629318237305e-01
4.685302823781967163e-02
2.088935077190399170e-01
-6.012134999036788940e-02
2.314047068357467651e-01
-8.276671916246414185e-02
7.187730073928833008e-02
-1.941170692443847656e-01
-7.509212940931320190e-02
-1.912961527705192566e-02
-6.666452437639236450e-02
-4.515869915485382080e-02
9.688489884138107300e-02
-6.101644039154052734e-02
-1.216496229171752930e-01
-9.938660264015197754e-02
-6.703204661607742310e-02
6.757504492998123169e-02
4.147984832525253296e-02
4.905720055103302002e-02
-8.422249555587768555e-02
1.154037490487098694e-01
4.950783774256706238e-02
-1.307375878095626831e-01
-3.318940848112106323e-02
-5.570265650749206543e-02
6.532384455204010010e-02
-7.001616805791854858e-02
-1.757931858301162720e-01
-4.457107931375503540e-02
-4.641515016555786133e-02
-2.035548239946365356e-01
-8.016414940357208252e-03
-2.500379458069801331e-02
7.407221198081970215e-02
-1.360089778900146484e-01
-1.892655044794082642e-01
1.631842702627182007e-01
-1.394556313753128052e-01
-1.317902207374572754e-01
-2.137902230024337769e-01
7.291610538959503174e-02
9.773030877113342285e-02
1.465366780757904053e-01
8.065260946750640869e-02
1.255516111850738525e-01
-8.794958889484405518e-02
6.412352621555328369e-02
2.653728127479553223e-01
1.074600964784622192e-01
4.949805326759815216e-03
4.883551225066184998e-02
-9.774433076381683350e-02
-5.581370741128921509e-02
1.413143277168273926e-01
-7.273818552494049072e-02
8.191093802452087402e-02
7.035731524229049683e-02
-1.353843361139297485e-01
-3.178267180919647217e-02
1.673110127449035645e-01
1.155132278800010681e-01
-1.462714001536369324e-02
9.508953243494033813e-02
-5.828451365232467651e-02
-5.603819340467453003e-02
-2.555244415998458862e-02
1.142948865890502930e-01
-1.250194162130355835e-01
1.352389156818389893e-01
1.232088804244995117e-01
7.674463093280792236e-02
6.908953934907913208e-02
-3.266561776399612427e-02
-1.237414181232452393e-01
1.624111980199813843e-01
5.432399362325668335e-02
-1.354605704545974731e-01
1.294970959424972534e-01
1.430023163557052612e-01
2.287209033966064453e-01
1.173682063817977905e-01
7.471792399883270264e-02
9.584873914718627930e-02
4.616994783282279968e-02
1.491095423698425293e-01
8.005268871784210205e-02
1.123472452163696289e-01
