-1.007131934165954590e-01
5.372179299592971802e-02
-3.274356946349143982e-02
1.420410573482513428e-01
-3.692668676376342773e-01
-3.466021418571472168e-01
1.977306753396987915e-01
-3.158304467797279358e-02
1.752831488847732544e-01
-7.660028338432312012e-02
-1.222063452005386353e-01
-1.505297422409057617e-01
-3.596234321594238281e-01
-3.174753189086914062e-01
1.061882227659225464e-01
-3.789707645773887634e-02
1.998954415321350098e-01
4.836241155862808228e-02
2.724741101264953613e-01
3.824957311153411865e-01
-1.847948133945465088e-01
2.217572778463363647e-01
1.585658937692642212e-01
1.440209522843360901e-02
-3.563381135463714600e-01
8.850966393947601318e-02
2.499058097600936890e-01
1.302008777856826782e-01
-2.197876125574111938e-01
-1.284725368022918701e-01
-1.703888177871704102e-01
1.145486384630203247e-01
-9.650817513465881348e-02
1.074843108654022217e-01
7.341299951076507568e-02
-1.722836941480636597e-01
-4.019987955689430237e-02
-1.695162616670131683e-02
-4.295444861054420471e-02
1.999833434820175171e-01
-2.381642609834671021e-01
-3.330085277557373047e-01
3.096358776092529297e-01
-7.923367619514465332e-02
-8.527897298336029053e-02
3.716909885406494141e-02
-1.619059443473815918e-01
-2.701094374060630798e-02
1.652377545833587646e-01
2.118529826402664185e-01
1.548096686601638794e-01
-4.257744923233985901e-02
-1.291272044181823730e-01
1.286511272192001343e-01
-9.058445692062377930e-02
-8.183808997273445129e-03
1.307664513587951660e-01
2.496292442083358765e-02
-1.275636702775955200e-01
7.515068352222442627e-02
-1.692741811275482178e-01
-4.598883539438247681e-02
-4.290319234132766724e-02
1.488513201475143433e-01
1.049945876002311707e-02
-3.936302661895751953e-01
-8.691681921482086182e-02
3.056534230709075928e-01
-2.549123391509056091e-02
-1.454196423292160034e-01
1.809870749711990356e-01
-1.895161718130111694e-01
-1.101250946521759033e-02
-1.565542072057723999e-01
-5.558260902762413025e-02
-1.565700918436050415e-01
5.664723739027976990e-02
7.256726920604705811e-02
1.841291189193725586e-01
-1.195710003376007080e-01
-9.140940383076667786e-03
2.307006120681762695e-01
6.947560608386993408e-02
-5.901378020644187927e-02
7.150323688983917236e-02
-6.664152443408966064e-02
2.987796366214752197e-01
1.959646195173263550e-01
1.257867962121963501e-01
2.771999537944793701e-01
-5.860122665762901306e-02
-5.313509330153465271e-02
2.470094412565231323e-01
-9.891445934772491455e-02
-1.762202680110931396e-01
1.965855956077575684e-01
-9.206946939229965210e-03
-1.361455917358398438e-01
-1.654943376779556274e-01
2.554317414760589600e-01
