1.428361684083938599e-01
-1.758672893047332764e-01
-3.305621147155761719e-01
-1.525372564792633057e-01
4.328266382217407227e-01
-3.394300937652587891e-01
-1.197772845625877380e-01
3.382368683815002441e-01
4.912758767604827881e-01
2.957659959793090820e-01
-3.102105259895324707e-01
-2.363404929637908936e-01
1.416219323873519897e-01
-3.235082328319549561e-01
1.085425615310668945e-01
-2.005569338798522949e-01
2.938609123229980469e-01
1.931124925613403320e-01
-1.542670130729675293e-01
1.301872432231903076e-01
-1.294726133346557617e-01
-4.180330932140350342e-01
-1.657134890556335449e-01
-4.045444726943969727e-02
-5.271876603364944458e-02
3.094990849494934082e-01
-1.608299463987350464e-01
-3.229645192623138428e-01
-1.831358075141906738e-01
-1.182553321123123169e-01
1.916031688451766968e-01
4.862500727176666260e-02
-2.687771320343017578e-01
4.698812961578369141e-02
1.179108694195747375e-01
1.696033775806427002e-01
2.406001240015029907e-01
3.927672654390335083e-02
8.538878709077835083e-02
-5.149933099746704102e-01
6.792306900024414062e-02
-2.013051956892013550e-01
2.031125128269195557e-01
-1.993025541305541992e-01
2.005784809589385986e-01
3.407402932643890381e-01
1.512157768011093140e-01
3.543793559074401855e-01
4.120558500289916992e-01
-2.911032736301422119e-01
-2.783083021640777588e-01
3.191223368048667908e-03
1.788162589073181152e-01
9.246234595775604248e-02
-1.533718556165695190e-01
3.895872235298156738e-01
-1.634018868207931519e-01
6.089200079441070557e-02
7.566345855593681335e-03
-1.962812431156635284e-02
-1.403594166040420532e-01
9.520346671342849731e-02
1.539791561663150787e-02
5.501307547092437744e-02
1.966558396816253662e-01
7.094462960958480835e-02
1.174357980489730835e-01
-4.706669151782989502e-01
1.471697986125946045e-01
5.116412043571472168e-02
-1.341079026460647583e-01
2.730515301227569580e-01
4.744542539119720459e-01
4.507706761360168457e-01
-3.952692747116088867e-01
-1.364768594503402710e-01
9.306145831942558289e-03
-9.227928519248962402e-02
5.126824602484703064e-03
7.649473100900650024e-02
3.241963386535644531e-01
1.675143241882324219e-01
-9.735114872455596924e-02
1.772406250238418579e-01
-3.188496828079223633e-02
2.353223860263824463e-01
-4.301760345697402954e-02
2.536898553371429443e-01
4.008727371692657471e-01
-2.493494302034378052e-01
-1.183396801352500916e-01
2.812345921993255615e-01
-2.811802625656127930e-01
-4.590151309967041016e-01
2.739720046520233154e-01
-1.702184528112411499e-01
-4.573091864585876465e-02
-4.458369612693786621e-01
3.458804190158843994e-01
6.331452727317810059e-02
