1.852248758077621460e-01
2.874771952629089355e-01
-2.772422730922698975e-01
-2.857576906681060791e-01
3.412164747714996338e-01
2.394608110189437866e-01
2.420212477445602417e-01
2.510013431310653687e-02
9.696022421121597290e-02
-2.291920185089111328e-01
8.383838087320327759e-02
-2.283652126789093018e-01
1.798018813133239746e-02
2.382929921150207520e-01
-2.529583573341369629e-01
1.670756936073303223e-01
1.624276489019393921e-01
1.842406541109085083e-01
-1.642899513244628906e-01
1.738217473030090332e-01
-3.966780006885528564e-01
4.176052808761596680e-01
1.508339196443557739e-01
-1.245128363370895386e-01
7.786044478416442871e-02
2.841891944408416748e-01
3.846791386604309082e-02
-9.606033563613891602e-02
1.793829351663589478e-01
5.132336169481277466e-02
-2.261476516723632812e-01
-3.498468995094299316e-01
-1.906086057424545288e-01
4.491946101188659668e-02
-5.301752686500549316e-02
-3.540336191654205322e-01
1.223265081644058228e-01
-1.012967973947525024e-01
-9.876859933137893677e-02
2.994262278079986572e-01
1.644833534955978394e-01
-2.930530607700347900e-01
1.113678887486457825e-01
3.167922198772430420e-01
-3.337798416614532471e-01
3.426698148250579834e-01
-1.713028252124786377e-01
1.590509563684463501e-01
-3.123884201049804688e-01
2.427432537078857422e-01
-3.772768080234527588e-01
1.408979445695877075e-01
-2.945109605789184570e-01
2.640153765678405762e-01
-2.614542096853256226e-02
-8.114973455667495728e-02
4.772202074527740479e-01
7.981248944997787476e-02
3.274038434028625488e-02
-2.563849091529846191e-01
-1.004859805107116699e-01
1.113298460841178894e-01
-2.108472585678100586e-02
-4.832059442996978760e-01
-5.077155828475952148e-01
-5.534639954566955566e-02
-2.892968356609344482e-01
8.656350523233413696e-02
2.790096998214721680e-01
8.315589278936386108e-02
-7.671920955181121826e-02
3.110518753528594971e-01
3.264805376529693604e-01
8.485861867666244507e-02
-2.811558842658996582e-01
4.046717658638954163e-02
1.065598428249359131e-01
1.026650518178939819e-02
-3.337557017803192139e-01
1.184903550893068314e-03
2.031938880681991577e-01
9.425058215856552124e-02
-1.368523091077804565e-01
-4.340403378009796143e-01
-1.229799240827560425e-01
2.280880361795425415e-01
8.463113009929656982e-02
-2.261164933443069458e-01
-2.334533780813217163e-01
2.327527552843093872e-01
1.476802229881286621e-01
7.088484615087509155e-02
-2.328651398420333862e-01
1.677038669586181641e-01
-1.169585958123207092e-01
-1.869236677885055542e-02
8.112373203039169312e-02
1.660753041505813599e-01
1.840249896049499512e-01
-3.178658783435821533e-01
