-3.941833041608333588e-03
-1.250149756669998169e-01
-5.545921996235847473e-02
-2.083420753479003906e-02
2.916209958493709564e-02
2.839630469679832458e-02
1.148258596658706665e-01
-2.879822626709938049e-02
1.303341612219810486e-02
-2.195816114544868469e-02
3.543328121304512024e-02
-1.344313472509384155e-02
5.774421244859695435e-02
-1.047902032732963562e-01
3.742556646466255188e-02
-1.026744768023490906e-01
-2.539015747606754303e-02
-5.709043890237808228e-02
-4.964147880673408508e-02
-6.703807413578033447e-02
6.271173804998397827e-02
-5.646137520670890808e-02
2.364037930965423584e-02
-4.457502067089080811e-02
5.536771193146705627e-02
-1.170367747545242310e-02
7.110826671123504639e-02
4.976367577910423279e-02
5.664341524243354797e-02
-4.348782077431678772e-02
-3.271714784204959869e-03
7.209727168083190918e-02
4.915665835142135620e-02
-2.149426192045211792e-02
6.204411387443542480e-02
4.995809867978096008e-02
-9.884210303425788879e-03
-5.128240957856178284e-02
-4.262659326195716858e-02
-4.315805807709693909e-02
2.725211903452873230e-02
-1.542038843035697937e-02
1.921537332236766815e-03
-5.399237200617790222e-02
-6.450982391834259033e-02
-7.937399670481681824e-03
7.201018929481506348e-02
-2.329028770327568054e-02
-6.847058236598968506e-02
-3.514279797673225403e-02
2.114800177514553070e-02
4.380387440323829651e-02
8.489279448986053467e-02
4.143742471933364868e-02
-4.196229949593544006e-02
4.814755544066429138e-02
-2.463511656969785690e-03
4.847599938511848450e-02
-8.554536849260330200e-02
1.016915403306484222e-02
2.511950209736824036e-02
-1.243731752038002014e-02
-2.213398367166519165e-02
9.300713241100311279e-02
-4.735969752073287964e-02
-4.669686034321784973e-02
-2.336598746478557587e-02
5.808579735457897186e-04
3.019814565777778625e-02
4.461374506354331970e-02
5.498964712023735046e-02
1.093330681324005127e-01
-6.185596808791160583e-02
9.646207094192504883e-02
-1.069165095686912537e-01
-6.534847617149353027e-02
2.005898766219615936e-02
8.919321000576019287e-03
2.811278775334358215e-02
1.036649644374847412e-01
-5.231727287173271179e-02
-2.121604233980178833e-02
7.419859617948532104e-02
-6.575402617454528809e-02
-5.770785268396139145e-03
5.182478204369544983e-02
3.992975130677223206e-02
-1.571525633335113525e-02
2.352888509631156921e-02
-5.610895156860351562e-02
-5.180341750383377075e-02
4.807177931070327759e-02
3.161658346652984619e-02
6.309161335229873657e-02
-6.389080733060836792e-02
1.069359779357910156e-01
-8.181301504373550415e-02
-4.075067862868309021e-02
-3.426976874470710754e-02
-4.894034937024116516e-02
