1.215826198458671570e-01
2.566289603710174561e-01
1.547306180000305176e-01
2.400419712066650391e-01
-6.794607639312744141e-02
9.874111413955688477e-02
-2.169332653284072876e-01
8.857969939708709717e-02
-4.400918260216712952e-02
-1.362133622169494629e-01
1.322066634893417358e-01
-2.371659129858016968e-01
-1.507354974746704102e-01
-1.355358809232711792e-01
1.027190759778022766e-01
5.535260215401649475e-02
-4.343467578291893005e-02
-1.683690547943115234e-01
1.899095773696899414e-01
-8.070629090070724487e-02
1.475141942501068115e-01
-2.263412624597549438e-01
2.906268835067749023e-01
-1.131486967206001282e-01
-1.442694514989852905e-01
1.929012089967727661e-01
-2.483234405517578125e-01
-2.012804150581359863e-01
4.063892364501953125e-01
-2.222596704959869385e-01
-1.920074224472045898e-01
2.799541652202606201e-01
4.313522875308990479e-01
-1.974285393953323364e-01
3.633604049682617188e-01
-8.158669620752334595e-02
-1.343847662210464478e-01
1.304087489843368530e-01
-2.314411252737045288e-01
-3.740871846675872803e-01
-6.175976246595382690e-02
-1.940596997737884521e-01
1.083737537264823914e-01
3.328555449843406677e-02
-5.208922028541564941e-01
1.007219851016998291e-01
-2.416729182004928589e-01
1.301583833992481232e-03
1.053165271878242493e-01
2.331866621971130371e-01
5.089767649769783020e-02
-4.543450474739074707e-01
-2.453321814537048340e-01
2.193713635206222534e-01
-2.119516134262084961e-01
2.739400267601013184e-01
-1.434439867734909058e-01
-9.451235085725784302e-02
-1.230811700224876404e-01
-2.479605376720428467e-01
-2.633154988288879395e-01
-1.106666103005409241e-01
-1.265762746334075928e-01
-7.567902654409408569e-02
2.758783102035522461e-01
1.097245216369628906e-01
3.789417147636413574e-01
-2.455679923295974731e-01
-1.936606019735336304e-01
-3.000011742115020752e-01
-2.327609360218048096e-01
4.265008568763732910e-01
-1.063619554042816162e-01
-2.197711616754531860e-01
1.657701656222343445e-02
3.656235337257385254e-01
9.244332462549209595e-02
9.441187232732772827e-02
-3.319304883480072021e-01
-3.276489302515983582e-02
3.061622008681297302e-02
3.152315691113471985e-02
2.301962226629257202e-01
-2.509312629699707031e-01
-5.178005248308181763e-02
3.891290724277496338e-01
-2.673040628433227539e-01
7.715266197919845581e-02
-1.225925758481025696e-01
1.156166568398475647e-01
-8.615712635219097137e-03
-5.472316965460777283e-02
1.988302618265151978e-01
1.344129163771867752e-02
8.974085748195648193e-02
-3.897280246019363403e-02
3.445719555020332336e-02
-2.678776085376739502e-01
-2.761765420436859131e-01
-1.368298232555389404e-01
