-8.583138138055801392e-02
3.302219510078430176e-02
2.626877725124359131e-01
4.396644979715347290e-02
2.680011987686157227e-01
-8.267711848020553589e-02
2.603994011878967285e-01
-1.101002246141433716e-01
1.827974021434783936e-01
-9.076561033725738525e-02
-2.038269937038421631e-01
1.875363662838935852e-02
2.346355319023132324e-01
-1.248288452625274658e-01
-3.326520696282386780e-02
-1.757614612579345703e-01
2.311415374279022217e-01
-3.472892194986343384e-02
-1.485168933868408203e-01
4.084116220474243164e-02
2.116643488407135010e-01
-1.614058762788772583e-02
1.993263959884643555e-01
-3.648588061332702637e-01
1.368820369243621826e-01
-1.364459190517663956e-02
-1.274425834417343140e-01
2.240655571222305298e-02
2.268590033054351807e-01
1.665670424699783325e-01
3.049858808517456055e-01
3.346412256360054016e-02
3.089370951056480408e-02
4.994489625096321106e-02
-8.800654113292694092e-02
1.460793614387512207e-01
-1.758061945438385010e-01
1.626891642808914185e-01
-2.041491121053695679e-01
-1.108186095952987671e-01
1.102734208106994629e-01
8.099438995122909546e-02
-1.011833921074867249e-01
9.364965558052062988e-02
1.954312771558761597e-01
4.211401939392089844e-02
8.293345570564270020e-02
-4.855789989233016968e-02
1.627010554075241089e-01
2.069438844919204712e-01
1.027314290404319763e-01
3.114727139472961426e-02
-3.757180273532867432e-02
1.154194176197052002e-01
1.448756922036409378e-02
-9.764831513166427612e-02
1.914004683494567871e-01
6.377150863409042358e-02
1.246286090463399887e-02
2.482537478208541870e-01
1.583822816610336304e-01
9.910876303911209106e-02
6.239216402173042297e-02
1.722619868814945221e-03
-1.852850914001464844e-01
-1.178881078958511353e-01
1.302941441535949707e-01
-1.522984802722930908e-01
-5.093286558985710144e-02
9.287938475608825684e-02
1.116809844970703125e-01
2.080525308847427368e-01
-2.153456211090087891e-01
1.286991089582443237e-01
-6.247937679290771484e-02
-3.424260020256042480e-02
-7.437454164028167725e-02
-1.144115030765533447e-01
1.120285913348197937e-01
-1.123152822256088257e-01
2.366828732192516327e-03
1.909606456756591797e-01
1.402420252561569214e-01
-7.256489992141723633e-02
5.203871801495552063e-02
1.484640687704086304e-01
1.701688766479492188e-01
7.253198325634002686e-02
1.415738761425018311e-01
-1.067440025508403778e-03
-9.622919559478759766e-02
-1.406645476818084717e-01
-6.245004385709762573e-02
8.570346981287002563e-02
-8.713631331920623779e-02
-3.680472448468208313e-02
-6.701561063528060913e-02
1.436308175325393677e-01
8.852193504571914673e-02
5.164558999240398407e-03
