-5.949689447879791260e-02
4.792772233486175537e-05
8.732257038354873657e-02
1.905026137828826904e-01
8.655438572168350220e-02
7.223630696535110474e-02
9.334724396467208862e-03
-4.254106432199478149e-02
1.020079106092453003e-01
-1.233327463269233704e-01
1.657224595546722412e-01
6.571327149868011475e-02
-1.525369733572006226e-01
-5.421867221593856812e-02
9.005492925643920898e-02
1.823993027210235596e-02
2.022870779037475586e-01
1.107749864459037781e-01
1.584620624780654907e-01
-9.317220747470855713e-02
2.182502448558807373e-01
-3.730992972850799561e-01
-6.709423661231994629e-02
9.591098129749298096e-02
9.232283383607864380e-02
7.327035069465637207e-02
-3.372579813003540039e-02
9.273082017898559570e-02
-5.036331713199615479e-04
1.513673514127731323e-01
4.655572772026062012e-02
-7.629309594631195068e-02
2.956614494323730469e-01
-1.679341197013854980e-01
2.459052763879299164e-02
2.033764868974685669e-01
-3.604508340358734131e-01
1.044342145323753357e-01
-9.065195918083190918e-02
8.497730642557144165e-02
-8.311606943607330322e-04
-1.446279734373092651e-01
-8.438727259635925293e-02
-1.370400488376617432e-01
1.401650607585906982e-01
2.605691254138946533e-01
1.656086593866348267e-01
-1.517406105995178223e-02
9.331499040126800537e-02
-1.034996062517166138e-01
-8.978357538580894470e-03
1.202387809753417969e-01
1.493803113698959351e-01
-8.738171309232711792e-02
1.135987937450408936e-01
1.014684438705444336e-01
7.415463775396347046e-02
1.117072999477386475e-03
-3.361918628215789795e-01
-6.555642187595367432e-02
-9.791584312915802002e-02
-4.733969271183013916e-02
-9.242737665772438049e-03
5.148961395025253296e-02
-1.159496605396270752e-01
5.527177453041076660e-02
9.347777068614959717e-02
-1.442403197288513184e-01
-1.647271066904067993e-01
1.204718798398971558e-01
1.904221773147583008e-01
-5.412895232439041138e-02
1.507623791694641113e-01
-1.266731172800064087e-01
1.451651155948638916e-01
2.059245109558105469e-01
-2.520785033702850342e-01
2.032081782817840576e-01
-1.123234257102012634e-01
-1.566993072628974915e-03
1.101424992084503174e-01
1.700774282217025757e-01
5.498837679624557495e-02
1.743810810148715973e-02
-5.420131236314773560e-02
1.258077770471572876e-01
-1.464639231562614441e-02
1.503444612026214600e-01
1.560402512550354004e-01
9.461856633424758911e-02
-1.229768395423889160e-01
8.526038378477096558e-02
4.742843657732009888e-02
5.499653518199920654e-02
1.797340251505374908e-02
5.889791995286941528e-03
-1.783050000667572021e-01
2.314712703227996826e-01
3.194156289100646973e-02
3.094328008592128754e-02
