-1.134898960590362549e-01
2.133121155202388763e-02
-2.026430219411849976e-01
7.804615423083305359e-03
2.698471844196319580e-01
7.468241453170776367e-02
1.440792381763458252e-01
-2.115426771342754364e-02
5.891615152359008789e-02
8.880114555358886719e-02
-2.150369584560394287e-01
-2.385241687297821045e-01
-9.296203032135963440e-03
3.356873244047164917e-02
-1.133491396903991699e-01
1.238828897476196289e-01
1.839814633131027222e-01
-6.152120232582092285e-02
1.818371005356311798e-02
-9.101404249668121338e-02
-6.989374756813049316e-02
-1.026283651590347290e-01
-3.380279839038848877e-01
1.400519609451293945e-01
-3.427681326866149902e-01
-9.050770848989486694e-02
-3.384098708629608154e-01
3.249530494213104248e-02
4.518637806177139282e-02
-9.506079554557800293e-02
3.619261831045150757e-02
2.798785567283630371e-01
-1.785281114280223846e-02
-1.113545708358287811e-02
-1.087304875254631042e-01
-4.890420287847518921e-02
9.896384552121162415e-03
2.981869876384735107e-01
-5.991975963115692139e-02
4.630824178457260132e-02
-7.255691289901733398e-02
4.939790815114974976e-04
-3.947662189602851868e-03
1.099289208650588989e-01
2.490937709808349609e-01
1.017614454030990601e-01
3.283487558364868164e-01
-2.085060775279998779e-01
-2.650766968727111816e-01
-1.705493219196796417e-02
2.539449743926525116e-02
6.929637491703033447e-02
-9.017941355705261230e-02
-1.889125257730484009e-01
1.709243841469287872e-02
5.422498285770416260e-02
-7.562177255749702454e-03
6.498561799526214600e-02
2.800001017749309540e-02
1.924862861633300781e-01
3.298416733741760254e-02
-2.624217569828033447e-01
-1.890028864145278931e-01
2.085283994674682617e-01
-3.001299872994422913e-02
9.835769236087799072e-02
-3.067412376403808594e-01
-7.140563800930976868e-03
-1.790456622838973999e-01
-7.591716200113296509e-02
3.889617919921875000e-01
4.915253072977066040e-02
1.593805290758609772e-02
1.406721472740173340e-01
5.531059950590133667e-02
-2.690544165670871735e-02
-1.555529050529003143e-02
-1.869153082370758057e-01
1.142659708857536316e-01
-9.859750047326087952e-03
-2.715493179857730865e-02
-2.072962075471878052e-01
4.547797143459320068e-02
5.944731086492538452e-02
1.766423285007476807e-01
1.113642677664756775e-01
-6.008818745613098145e-02
-7.204993814229965210e-02
-3.811651468276977539e-02
-1.877544522285461426e-01
-1.160552166402339935e-02
-2.881455719470977783e-01
6.357895582914352417e-02
-8.296604454517364502e-02
-2.758883498609066010e-02
1.090474128723144531e-01
1.202197074890136719e-01
1.955984681844711304e-01
-2.160716950893402100e-01
2.205692827701568604e-01
