-8.207686245441436768e-02
2.461457103490829468e-01
1.087179929018020630e-01
-1.297779977321624756e-01
8.276920765638351440e-02
4.693845659494400024e-02
-3.759957849979400635e-02
-1.843042522668838501e-01
2.151765674352645874e-01
-1.178460791707038879e-01
-4.092153906822204590e-02
6.364491581916809082e-02
1.078251674771308899e-01
-8.185628056526184082e-02
1.936814188957214355e-01
2.140956521034240723e-01
9.844554215669631958e-02
8.491277694702148438e-03
-1.693559587001800537e-01
-5.903264135122299194e-02
2.321320027112960815e-02
1.976214647293090820e-01
3.555586189031600952e-02
-1.060631051659584045e-01
-1.078271791338920593e-01
-5.533120781183242798e-02
-1.000427603721618652e-01
1.104144155979156494e-01
2.055129110813140869e-01
1.236491277813911438e-01
1.107469853013753891e-02
1.386835984885692596e-02
-2.219843715429306030e-01
3.115155361592769623e-02
1.306390911340713501e-01
-2.654273808002471924e-01
1.353666931390762329e-01
1.689900606870651245e-01
5.560582876205444336e-02
-3.194090425968170166e-01
-4.000360518693923950e-02
2.425420135259628296e-01
-2.874033339321613312e-02
7.741576433181762695e-02
2.152870409190654755e-03
-5.328645557165145874e-02
-5.107244849205017090e-01
2.860848605632781982e-01
1.030996590852737427e-01
-2.412985414266586304e-01
3.288637101650238037e-02
1.894068717956542969e-01
-3.222139179706573486e-02
1.956245452165603638e-01
-1.533569693565368652e-01
-2.506042420864105225e-01
-2.097632884979248047e-01
1.957375705242156982e-01
1.115139573812484741e-01
2.763434648513793945e-01
-6.919372826814651489e-02
1.753526777029037476e-01
4.090176522731781006e-02
4.891574382781982422e-02
1.557700335979461670e-01
-3.099337220191955566e-01
3.760840892791748047e-01
-2.935133278369903564e-01
-2.482337802648544312e-01
2.566222250461578369e-01
-2.742102742195129395e-01
-7.792691141366958618e-02
-2.801543474197387695e-01
-1.633142679929733276e-01
-3.242650032043457031e-01
6.913138926029205322e-02
9.672230482101440430e-02
-1.750915795564651489e-01
9.199168533086776733e-02
3.042411804199218750e-01
3.117484413087368011e-02
-3.009788990020751953e-01
1.660327464342117310e-01
1.197214648127555847e-01
1.376249939203262329e-01
1.037036925554275513e-01
3.005966842174530029e-01
-9.867140650749206543e-02
1.364401727914810181e-01
9.869501739740371704e-02
8.299677819013595581e-02
1.222150623798370361e-01
8.198702335357666016e-02
2.091479897499084473e-01
-2.012123763561248779e-01
6.920133531093597412e-02
-1.749619245529174805e-01
-1.167740896344184875e-01
6.927657872438430786e-02
-1.660456508398056030e-02
