-9.745310246944427490e-02
-6.193693727254867554e-02
-5.576469004154205322e-02
-2.160720825195312500e-01
-3.735100477933883667e-02
3.225483298301696777e-01
-6.390488892793655396e-02
3.845412284135818481e-02
2.975010871887207031e-02
-1.547084599733352661e-01
2.708029150962829590e-01
1.361770182847976685e-01
-1.113117486238479614e-02
1.530924886465072632e-01
3.899749368429183960e-02
-3.427799791097640991e-02
3.238373994827270508e-01
3.073750734329223633e-01
-7.010074704885482788e-02
1.157825440168380737e-02
2.143113315105438232e-02
3.503013402223587036e-02
2.412297874689102173e-01
-2.532915025949478149e-02
8.789529651403427124e-02
-1.459669768810272217e-01
9.085388481616973877e-02
6.567803770303726196e-02
-6.471043825149536133e-02
1.340226382017135620e-01
-6.445657014846801758e-01
-6.463643312454223633e-01
-3.637401163578033447e-01
1.043523401021957397e-01
2.479552477598190308e-01
-5.477344989776611328e-01
5.747113376855850220e-02
1.438439637422561646e-02
1.640677452087402344e-01
2.482258826494216919e-01
-1.744714379310607910e-01
-1.731601506471633911e-01
-2.904660105705261230e-01
-1.112768352031707764e-01
4.911019932478666306e-03
1.511822491884231567e-01
1.524011939764022827e-01
-2.587822079658508301e-01
3.689309358596801758e-01
-1.136648878455162048e-01
-2.748005837202072144e-02
-7.608653306961059570e-01
1.674689650535583496e-01
2.409199625253677368e-02
2.816732227802276611e-02
1.381506323814392090e-01
8.111023157835006714e-02
-3.090791869908571243e-03
-2.409993261098861694e-01
1.896016448736190796e-01
3.642398864030838013e-02
2.331156879663467407e-01
6.643097847700119019e-02
-8.483392745256423950e-02
-2.097866088151931763e-01
2.396298646926879883e-01
4.123583436012268066e-01
2.073162943124771118e-01
5.387923121452331543e-02
-1.600510329008102417e-01
-4.869430363178253174e-01
3.784297406673431396e-01
2.621377408504486084e-01
5.755909085273742676e-01
-1.557389646768569946e-02
1.298986375331878662e-01
-2.469469904899597168e-01
-2.506334334611892700e-02
-9.302609413862228394e-02
-5.170854181051254272e-02
-1.957952231168746948e-01
1.131628230214118958e-01
-1.708913296461105347e-01
3.137786388397216797e-01
4.787085205316543579e-02
-6.605706363916397095e-02
7.245271652936935425e-02
-2.363311052322387695e-01
-1.779985725879669189e-01
2.785127460956573486e-01
-1.466894000768661499e-01
-4.703193157911300659e-02
-3.838263452053070068e-02
-2.579240798950195312e-01
-3.162485361099243164e-01
3.189131021499633789e-01
1.773650944232940674e-01
7.249880582094192505e-02
-2.926940321922302246e-01
-4.622622728347778320e-01
