1.809223294258117676e-01
2.831413224339485168e-02
-1.264926046133041382e-01
-7.325798273086547852e-02
6.104169040918350220e-02
-2.457075752317905426e-03
-1.049816757440567017e-01
-1.743163466453552246e-01
-1.388490796089172363e-01
1.500732749700546265e-01
2.118918113410472870e-02
5.739621073007583618e-02
-1.453572362661361694e-01
1.076625939458608627e-02
1.006181836128234863e-01
-9.176955372095108032e-02
5.353417247533798218e-02
-2.603200078010559082e-01
-2.911309711635112762e-02
1.578768342733383179e-01
6.682653725147247314e-02
4.018049687147140503e-02
2.927721105515956879e-02
-1.402250081300735474e-01
1.914083398878574371e-02
-3.032037429511547089e-02
-1.086090654134750366e-01
4.379834234714508057e-02
-1.826216466724872589e-02
6.131406128406524658e-02
1.012277975678443909e-01
8.134964108467102051e-02
4.668945074081420898e-02
-2.258916385471820831e-02
-3.646694123744964600e-02
5.453707277774810791e-02
-9.877402335405349731e-02
3.051051311194896698e-02
1.708219051361083984e-01
-2.284327894449234009e-01
-5.100148916244506836e-02
-1.023768819868564606e-02
-5.949354171752929688e-02
-2.598172426223754883e-01
2.669640444219112396e-02
-1.037470251321792603e-01
3.813935816287994385e-02
6.671420484781265259e-02
8.072026073932647705e-02
-1.179580017924308777e-02
1.009602397680282593e-01
7.510960847139358521e-02
-1.204522997140884399e-01
1.614320725202560425e-01
2.529770880937576294e-02
-5.866229534149169922e-02
-1.888528279960155487e-02
7.289826124906539917e-02
1.512041091918945312e-01
1.377111524343490601e-01
5.031701643019914627e-03
4.989326000213623047e-02
-1.873311400413513184e-02
1.115696504712104797e-01
-1.718896031379699707e-01
-2.496048249304294586e-02
-2.965578995645046234e-02
-4.174840450286865234e-02
2.954520098865032196e-02
2.313035428524017334e-01
1.834242418408393860e-02
1.654287874698638916e-01
4.569193720817565918e-02
3.905501961708068848e-02
3.938039392232894897e-02
1.116452738642692566e-02
1.165162995457649231e-01
3.815260529518127441e-02
8.311241120100021362e-02
1.441114991903305054e-01
4.399842023849487305e-02
1.819346100091934204e-01
-3.704708814620971680e-02
-1.972055435180664062e-02
-1.640649884939193726e-01
1.022859066724777222e-01
1.091443523764610291e-01
4.659531265497207642e-02
9.023853577673435211e-03
3.933195024728775024e-02
-3.818563371896743774e-02
-1.633799225091934204e-01
-1.452961564064025879e-01
-6.489157676696777344e-02
8.467576652765274048e-02
1.165113598108291626e-01
-1.037209033966064453e-01
-1.006302051246166229e-02
-1.315758191049098969e-02
4.821948707103729248e-02
