1.943530887365341187e-01
-1.510720402002334595e-01
-3.187095820903778076e-01
3.642745018005371094e-01
3.982113599777221680e-01
1.008408591151237488e-01
-8.845899701118469238e-01
-5.318002775311470032e-03
4.889526069164276123e-01
1.889466792345046997e-01
5.847365409135818481e-02
-3.741370141506195068e-02
-2.185871005058288574e-01
5.909557938575744629e-01
1.170942708849906921e-01
-2.832422554492950439e-01
-1.717477738857269287e-01
4.939488768577575684e-01
-2.868195176124572754e-01
-3.333540856838226318e-01
2.029391527175903320e-01
-3.276734054088592529e-01
-3.564571142196655273e-01
-4.377698004245758057e-01
-3.570614755153656006e-01
-7.666079401969909668e-01
4.512210488319396973e-01
5.857128500938415527e-01
7.869331538677215576e-02
-9.034626930952072144e-02
-3.777920305728912354e-01
-8.333567976951599121e-01
-2.595159113407135010e-01
3.401425480842590332e-01
1.361223608255386353e-01
-6.851724982261657715e-01
6.193358302116394043e-01
1.506135612726211548e-01
7.689300179481506348e-02
5.229971930384635925e-02
-1.610041409730911255e-01
2.622883319854736328e-01
3.173043727874755859e-01
-1.223737187683582306e-02
4.714341461658477783e-02
8.019765838980674744e-03
-1.483965665102005005e-01
-2.131558209657669067e-01
2.104917466640472412e-01
4.026951789855957031e-01
1.644006371498107910e-01
-1.768677234649658203e-01
-1.839123070240020752e-01
-4.575078934431076050e-02
5.662184953689575195e-01
1.066825613379478455e-01
-3.841189742088317871e-01
1.902987957000732422e-01
-1.151070296764373779e-01
1.253997236490249634e-01
-2.460006065666675568e-02
1.631942391395568848e-01
6.627408415079116821e-02
-2.049511522054672241e-01
-2.929079346358776093e-02
2.032501995563507080e-01
5.229172110557556152e-01
-2.102371491491794586e-02
2.490249723196029663e-01
1.358321011066436768e-01
-1.088007725775241852e-02
-4.732434749603271484e-01
-3.700096011161804199e-01
3.929767310619354248e-01
2.362542748451232910e-01
-2.893189489841461182e-01
5.098094344139099121e-01
1.042569987475872040e-02
-9.794661775231361389e-03
-7.127616554498672485e-02
1.839170232415199280e-02
-3.015368878841400146e-01
5.998609215021133423e-02
3.382325470447540283e-01
1.369794947095215321e-03
-4.417549818754196167e-02
-3.974064290523529053e-01
-2.206939309835433960e-01
-2.215293347835540771e-01
1.920079737901687622e-01
-7.492733746767044067e-02
5.214610099792480469e-01
1.339566856622695923e-01
1.952521055936813354e-01
1.378044039011001587e-01
-4.503376185894012451e-01
-2.322718054056167603e-01
3.440688848495483398e-01
-2.059621065855026245e-01
-2.452068179845809937e-01
