-1.487825512886047363e-01
1.505541242659091949e-02
5.989167839288711548e-02
9.945788234472274780e-02
-7.551352679729461670e-02
6.759271025657653809e-02
-3.805334214121103287e-03
3.256298601627349854e-02
2.310868911445140839e-02
-1.709859818220138550e-01
1.475676298141479492e-01
2.718496024608612061e-01
3.496422618627548218e-02
1.250395327806472778e-01
1.097271367907524109e-01
1.509757153689861298e-02
1.432412769645452499e-03
-7.229811046272516251e-03
-3.051721453666687012e-01
5.533778667449951172e-02
-2.338748574256896973e-01
1.161224767565727234e-01
-6.193971727043390274e-03
1.490014791488647461e-01
3.694306313991546631e-02
-9.381318092346191406e-02
-5.328098684549331665e-02
1.059195101261138916e-01
1.543971896171569824e-01
-7.178451120853424072e-02
-4.947452619671821594e-02
2.578535117208957672e-02
2.062920778989791870e-01
-8.993422985076904297e-02
-6.247476860880851746e-02
-4.827388003468513489e-02
-1.215503923594951630e-02
-1.126097217202186584e-01
2.134813182055950165e-02
-7.339604943990707397e-02
-2.256437391042709351e-02
-2.272164821624755859e-01
-1.786866225302219391e-02
6.287728250026702881e-02
9.003180265426635742e-02
-1.769128143787384033e-01
-1.094143763184547424e-01
-9.331494569778442383e-02
-9.412301331758499146e-02
-2.505952678620815277e-02
-2.091977745294570923e-01
-1.793728321790695190e-01
-1.305831037461757660e-02
-1.717858016490936279e-01
-7.681774348020553589e-02
-7.526413351297378540e-02
1.353502720594406128e-01
-6.122749298810958862e-02
-1.922430936247110367e-03
3.470151126384735107e-02
1.701938211917877197e-01
2.735276706516742706e-02
2.713484466075897217e-01
4.175989888608455658e-04
-5.695904791355133057e-02
-1.768297702074050903e-02
1.374328732490539551e-01
-6.423696130514144897e-02
-1.073397323489189148e-01
-2.578981518745422363e-01
9.040939062833786011e-02
-1.663522124290466309e-01
6.119763851165771484e-02
4.247196018695831299e-02
9.212396107614040375e-04
-1.137822419404983521e-01
2.501343488693237305e-01
2.248066365718841553e-01
1.494504809379577637e-01
-1.473292112350463867e-01
6.008446216583251953e-02
3.896680176258087158e-01
-1.230670437216758728e-01
1.811678409576416016e-01
4.660075902938842773e-02
4.654926713556051254e-03
1.074352338910102844e-01
1.559150815010070801e-01
-2.160235643386840820e-01
1.463754922151565552e-01
1.414838880300521851e-01
9.408336132764816284e-02
-7.912405580282211304e-02
5.728141218423843384e-02
-6.618422269821166992e-02
1.598451584577560425e-01
-2.643795497715473175e-02
-1.251340359449386597e-01
-4.321526736021041870e-02
-7.088868319988250732e-02
