-5.944905802607536316e-02
1.650089472532272339e-01
2.819094061851501465e-01
2.984624803066253662e-01
-4.412359744310379028e-02
-6.308793425559997559e-01
-2.972249686717987061e-01
-1.502060592174530029e-01
1.183581426739692688e-01
3.358930945396423340e-01
2.642413787543773651e-02
-2.148670405149459839e-01
4.347464740276336670e-01
4.697519168257713318e-02
2.657164931297302246e-01
3.938926458358764648e-01
4.057286977767944336e-01
2.362018674612045288e-01
2.641463875770568848e-01
-1.439862847328186035e-01
-2.079272270202636719e-01
2.038862258195877075e-01
-4.970050156116485596e-01
-3.535943031311035156e-01
4.244481027126312256e-01
-2.872458994388580322e-01
-1.081581115722656250e-01
6.735505461692810059e-01
2.549687623977661133e-01
-2.374472171068191528e-01
-2.733467221260070801e-01
-7.878563553094863892e-02
-4.529932439327239990e-01
1.007615625858306885e-01
7.094551622867584229e-02
-3.790021538734436035e-01
3.705399334430694580e-01
3.933959901332855225e-01
-4.905497133731842041e-01
-9.419720154255628586e-04
-2.486586384475231171e-02
-2.933901501819491386e-03
-4.580356180667877197e-01
3.424504101276397705e-01
-3.867238163948059082e-01
4.297136366367340088e-01
-1.771793514490127563e-01
-1.086186096072196960e-01
8.840385824441909790e-02
9.393291920423507690e-02
1.440619677305221558e-01
1.142445653676986694e-01
-2.265024483203887939e-01
-4.093735814094543457e-01
-1.233602035790681839e-02
-1.389748454093933105e-01
-1.884132176637649536e-01
3.850416541099548340e-01
5.369704365730285645e-01
-9.559483826160430908e-02
-4.548219144344329834e-01
-1.992636173963546753e-01
-1.971840262413024902e-01
-2.505354583263397217e-01
-1.747660487890243530e-01
1.083668041974306107e-02
-1.103460192680358887e-01
2.234541475772857666e-01
2.026552259922027588e-01
-4.130367636680603027e-01
4.014875292778015137e-01
-4.989364147186279297e-01
-2.286850363016128540e-01
-4.285685420036315918e-01
3.619093596935272217e-01
-5.245642662048339844e-01
5.834763050079345703e-01
2.795579433441162109e-01
-1.636448130011558533e-02
3.032518327236175537e-01
3.272046744823455811e-01
-2.364028245210647583e-01
-4.428454935550689697e-01
-4.850371927022933960e-02
2.484495043754577637e-01
-2.843200266361236572e-01
-1.596917957067489624e-01
-2.024722844362258911e-01
-3.622122406959533691e-01
-2.756028473377227783e-01
7.284479588270187378e-02
2.715347707271575928e-01
2.561486959457397461e-01
3.612331449985504150e-01
4.507640898227691650e-01
-2.871058881282806396e-01
4.154794514179229736e-01
1.063480004668235779e-01
9.751698374748229980e-02
-2.453905642032623291e-01
